$METRECXR,1601377750,092920,110910,2037-10-04 05:57:35.76  00.000  19.723 20,132801,
$METRECXR,1601386201,092920,133001,
$METRECXR,1601386321,092920,133201,
$METRECXR,1601386441,092920,133401,
$METRECXR,1601386561,092920,133601,
$METRECXR,1601386681,092920,133801,
$METRECXR,1601386807,092920,134007,2020-09-29 13:40:07.45  00.000  20.319  0000.11  0000.00  000.0  007.93 
$METRECXR,1601389208,092920,142008,2020-09-29 14:20:07.96  00.000  20.472  0000.00  0000.00  000.0  007.93 
$METRECXR,1601389327,092920,142207,2020-09-29 14:22:07.18  00.000  20.490  0000.00  0000.00  000.0  007.93 
$METRECXR,1601377750,092920,110910,2037-10-04 05:57:35.76  00.000  19.723 20,132801,
$METRECXR,1601386201,092920,133001,
$METRECXR,1601386321,092920,133201,
$METRECXR,1601386441,092920,133401,
$METRECXR,1601386561,092920,133601,
$METRECXR,1601386681,092920,133801,
$METRECXR,1601386807,092920,134007,2020-09-29 13:40:07.45  00.000  20.319  0000.11  0000.00  000.0  007.93 
$METRECXR,1601389208,092920,142008,2020-09-29 14:20:07.96  00.000  20.472  0000.00  0000.00  000.0  007.93 
$METRECXR,1601389327,092920,142207,2020-09-29 14:22:07.18  00.000  20.490  0000.00  0000.00  000.0  007.93 
$METRECXR,1601377750,092920,110910,2037-10-04 05:57:35.76  00.000  19.723 20,132801,
$METRECXR,1601386201,092920,133001,
$METRECXR,1601386321,092920,133201,
$METRECXR,1601386441,092920,133401,
$METRECXR,1601386561,092920,133601,
$METRECXR,1601386681,092920,133801,
$METRECXR,1601386807,092920,134007,2020-09-29 13:40:07.45  00.000  20.319  0000.11  0000.00  000.0  007.93 
$METRECXR,1601389208,092920,142008,2020-09-29 14:20:07.96  00.000  20.472  0000.00  0000.00  000.0  007.93 
$METRECXR,1601389327,092920,142207,2020-09-29 14:22:07.18  00.000  20.490  0000.00  0000.00  000.0  007.93 
$METRECXR,1601377750,092920,110910,2037-10-04 05:57:35.76  00.000  19.723 20,132801,
$METRECXR,1601386201,092920,133001,
$METRECXR,1601386321,092920,133201,
$METRECXR,1601386441,092920,133401,
$METRECXR,1601386561,092920,133601,
$METRECXR,1601386681,092920,133801,
$METRECXR,1601386807,092920,134007,2020-09-29 13:40:07.45  00.000  20.319  0000.11  0000.00  000.0  007.93 
$METRECXR,1601389208,092920,142008,2020-09-29 14:20:07.96  00.000  20.472  0000.00  0000.00  000.0  007.93 
$METRECXR,1601389327,092920,142207,2020-09-29 14:22:07.18  00.000  20.490  0000.00  0000.00  000.0  007.93 
$METRECXR,1601377750,092920,110910,2037-10-04 05:57:35.76  00.000  19.723 20,132801,
$METRECXR,1601386201,092920,133001,
$METRECXR,1601386321,092920,133201,
$METRECXR,1601386441,092920,133401,
$METRECXR,1601386561,092920,133601,
$METRECXR,1601386681,092920,133801,
$METRECXR,1601386807,092920,134007,2020-09-29 13:40:07.45  00.000  20.319  0000.11  0000.00  000.0  007.93 
$METRECXR,1601389208,092920,142008,2020-09-29 14:20:07.96  00.000  20.472  0000.00  0000.00  000.0  007.93 
$METRECXR,1601389327,092920,142207,2020-09-29 14:22:07.18  00.000  20.490  0000.00  0000.00  000.0  007.93 
$METRECXR,1601377750,092920,110910,2037-10-04 05:57:35.76  00.000  19.723 20,132801,
$METRECXR,1601386201,092920,133001,
$METRECXR,1601386321,092920,133201,
$METRECXR,1601386441,092920,133401,
$METRECXR,1601386561,092920,133601,
$METRECXR,1601386681,092920,133801,
$METRECXR,1601386807,092920,134007,2020-09-29 13:40:07.45  00.000  20.319  0000.11  0000.00  000.0  007.93 
$METRECXR,1601389208,092920,142008,2020-09-29 14:20:07.96  00.000  20.472  0000.00  0000.00  000.0  007.93 
$METRECXR,1601389327,092920,142207,2020-09-29 14:22:07.18  00.000  20.490  0000.00  0000.00  000.0  007.93 
