$GPRMC,121643.000,A,4542.6468,N,01345.7481,E,0.00,28.89,061020,,,A*51
$MSTAT,1601986801,2020-10-06T12:20:01Z,14.9374,0.1914,27.3125,49.3486,3.0359,1.2144,3.3258,15284352
$GPRMC,122001.000,A,4542.6422,N,01345.7441,E,0.00,203.53,061020,,,A*6C
$NORTEK,1601986803,2020-10-06T12:20:03Z,06/10/2020,12:15,14.80,1534.90,346.00,20.80,-15.30,0.00,24.31,0.00,ENU,49,600,0.50,20,UP,#1,0.349,0.302,-0.173,#2,-0.302,0.138,-0.356,#3,-0.690,-0.620,-0.545,#4,-0.578,-0.224,-0.722,#5,0.210,0.185,-0.215,#6,-0.048,0.092,-0.303,#7,-0.050,0.146,-0.299,#8,0.127,0.228,-0.332,#9,0.048,-0.421,-0.629,#10,0.0101987403,2020-10-06T12:30:03Z,06/10/2020,12:25,14.80,1535.10,346.40,20.80,-15.30,0.00,24.41,0.00,ENU,49,600,0.50,20,UP,#1,0.101,0.063,-0.401,#2,0.324,-0.091,-0.293,#3,-0.943,-0.712,-0.573,#4,-0.167,0.068,-0.282,#5,0.058,-0.071,-0.425,#6,0.044,0.272,-0.426,#7,-0.143,-0.170,-0.565,#8,-0.005,0.005,-0.431,#9,0.139,-0.211,-0.487,#10,0.026,0.271,-0.405,#11,0.112,0.522,-0.136,#12,-0.055,0.107,-0.272,#13,0.026,-0.003,-0.500,#14,0.276,-0.572,-0.689,#15,0.259,-0.287,-0.517,#16,0.625,-0.334,-0.506,#17,0.018,0.023,-0.354,#18,-0.180,0.340,-0.385,#19,0.070,0.255,-0.383,#20,-0.384,0.233,-0.392
$MSTAT,1601988000,2020-10-06T12:40:00Z,14.9395,0.1846,27.4446,49.2392,3.0358,1.2144,3.3257,15284352
$GPRMC,124001.000,A,4542.6498,N,01345.7496,E,0.00,201.30,061020,,,D*63
$NORTEK,1601988003,2020-10-06T12:40:03Z,06/10/2020,12:35,14.80,1535.30,346.10,20.80,-15.30,0.00,24.51,0.00,ENU,49,600,0.50,20,UP,#1,0.174,-0.045,-0.294,#2,0.314,0.133,-0.379,#3,-0.449,-0.206,-0.403,#4,-0.261,-0.076,-0.502,#5,0.281,0.048,-0.402,#6,0.001,-0.284,-0.378,#7,0.304,0.122,-0.103,#8,-0.026,0.341,-0.093,#9,-0.190,0.132,-0.519,#10,-0.193,0.533,-0.052,#11,-0.414,0.231,-0.329,#12,0.226,-0.149,-0.478,#13,0.478,-0.129,-0.481,#14,0.317,-0.373,-0.730,#15,0.271,-0.073,-0.509,#16,-0.305,-0.220,-0.613,#17,0.187,-0.087,-0.395,#18,0.161,0.126,-0.220,#19,0.251,0.127,-0.226,#20,0.195,0.240,-0.321
$GPRMC,124100.091,A,4542.6330,N,01345.7340,E,1.09,24.69,061020,,,A*56
$MSTAT,1601988599,2020-10-06T12:49:59Z,14.9400,0.1840,27.4621,49.0150,3.0355,1.2144,3.3259,15284384
$NORTEK,1601990403,2020-10-06T13:20:03Z,06/10/2020,13:15,14.80,1535.60,346.10,20.80,-15.40,0.00,24.65,0.00,ENU,49,600,0.50,20,UP,#1,0.116,0.205,-0.272,#2,0.129,0.020,-0.354,#3,-0.602,-0.558,-0.543,#4,-0.398,-0.472,-0.524,#5,-0.284,0.168,-0.267,#6,0.080,-0.052,-0.338,#7,-0.313,-0.140,-0.537,#8,0.271,0.160,-0.171,#9,0.074,-0.045,-0.402,#10,-0.024,0.420,-0.178,#11,-0.141,0.121,-0.352,#12,0.267,-0.129,-0.422,#13,0.125,-0.369,-0.649,#14,0.481,-0.360,-0.579,#15,-0.016,-0.051,-0.619,#16,0.235,-0.195,-0.592,#17,-0.104,0.107,-0.255,#18,-0.134,0.415,-0.142,#19,0.055,-0.029,-0.351,#20,0.385,0.011,-0.479
