$METRECXR,1600773401,092220,111641,MONITOR
$METRECXR,1600773529,092220,111849,2020-09-22 11:18:49.20  40.927  23.783 -0000.02  0000.07  00.02  00.41  203.8  007.93  1017.579  1522.64 
$METRECXR,1600773572,092220,111932,2020-09-22 11:19:32.32  40.928  23.783 -0000.02  0000.08  00.02  00.58  203.7  007.93  1017.580  1522.64 
$METRECXR,1600773685,092220,112125,2020-09-22 11:21:25.07  40.924  23.780 -0000.02  0000.09  00.02  00.62  203.8  007.93  1017.580  1522.63 
$METRECXR,1600777168,092220,121928,2020-09-22 12:19:27.62  40.832  23.697 -0000.00  0000.09  00.02  00.00  204.3  007.95  1017.590  1522.40 
$METRECXR,1600773401,092220,111641,MONITOR
$METRECXR,1600773529,092220,111849,2020-09-22 11:18:49.20  40.927  23.783 -0000.02  0000.07  00.02  00.41  203.8  007.93  1017.579  1522.64 
$METRECXR,1600773572,092220,111932,2020-09-22 11:19:32.32  40.928  23.783 -0000.02  0000.08  00.02  00.58  203.7  007.93  1017.580  1522.64 
$METRECXR,1600773685,092220,112125,2020-09-22 11:21:25.07  40.924  23.780 -0000.02  0000.09  00.02  00.62  203.8  007.93  1017.580  1522.63 
$METRECXR,1600777168,092220,121928,2020-09-22 12:19:27.62  40.832  23.697 -0000.00  0000.09  00.02  00.00  204.3  007.95  1017.590  1522.40 
$METRECXR,1600773401,092220,111641,MONITOR
$METRECXR,1600773529,092220,111849,2020-09-22 11:18:49.20  40.927  23.783 -0000.02  0000.07  00.02  00.41  203.8  007.93  1017.579  1522.64 
$METRECXR,1600773572,092220,111932,2020-09-22 11:19:32.32  40.928  23.783 -0000.02  0000.08  00.02  00.58  203.7  007.93  1017.580  1522.64 
$METRECXR,1600773685,092220,112125,2020-09-22 11:21:25.07  40.924  23.780 -0000.02  0000.09  00.02  00.62  203.8  007.93  1017.580  1522.63 
$METRECXR,1600777168,092220,121928,2020-09-22 12:19:27.62  40.832  23.697 -0000.00  0000.09  00.02  00.00  204.3  007.95  1017.590  1522.40 
$METRECXR,1600773401,092220,111641,MONITOR
$METRECXR,1600773529,092220,111849,2020-09-22 11:18:49.20  40.927  23.783 -0000.02  0000.07  00.02  00.41  203.8  007.93  1017.579  1522.64 
$METRECXR,1600773572,092220,111932,2020-09-22 11:19:32.32  40.928  23.783 -0000.02  0000.08  00.02  00.58  203.7  007.93  1017.580  1522.64 
$METRECXR,1600773685,092220,112125,2020-09-22 11:21:25.07  40.924  23.780 -0000.02  0000.09  00.02  00.62  203.8  007.93  1017.580  1522.63 
$METRECXR,1600777168,092220,121928,2020-09-22 12:19:27.62  40.832  23.697 -0000.00  0000.09  00.02  00.00  204.3  007.95  1017.590  1522.40 
$METRECXR,1600773401,092220,111641,MONITOR
$METRECXR,1600773529,092220,111849,2020-09-22 11:18:49.20  40.927  23.783 -0000.02  0000.07  00.02  00.41  203.8  007.93  1017.579  1522.64 
$METRECXR,1600773572,092220,111932,2020-09-22 11:19:32.32  40.928  23.783 -0000.02  0000.08  00.02  00.58  203.7  007.93  1017.580  1522.64 
$METRECXR,1600773685,092220,112125,2020-09-22 11:21:25.07  40.924  23.780 -0000.02  0000.09  00.02  00.62  203.8  007.93  1017.580  1522.63 
$METRECXR,1600777168,092220,121928,2020-09-22 12:19:27.62  40.832  23.697 -0000.00  0000.09  00.02  00.00  204.3  007.95  1017.590  1522.40 
$METRECXR,1600773401,092220,111641,MONITOR
$METRECXR,1600773529,092220,111849,2020-09-22 11:18:49.20  40.927  23.783 -0000.02  0000.07  00.02  00.41  203.8  007.93  1017.579  1522.64 
$METRECXR,1600773572,092220,111932,2020-09-22 11:19:32.32  40.928  23.783 -0000.02  0000.08  00.02  00.58  203.7  007.93  1017.580  1522.64 
$METRECXR,1600773685,092220,112125,2020-09-22 11:21:25.07  40.924  23.780 -0000.02  0000.09  00.02  00.62  203.8  007.93  1017.580  1522.63 
$METRECXR,1600777168,092220,121928,2020-09-22 12:19:27.62  40.832  23.697 -0000.00  0000.09  00.02  00.00  204.3  007.95  1017.590  1522.40 
$METRECXR,1600773401,092220,111641,MONITOR
$METRECXR,1600773529,092220,111849,2020-09-22 11:18:49.20  40.927  23.783 -0000.02  0000.07  00.02  00.41  203.8  007.93  1017.579  1522.64 
$METRECXR,1600773572,092220,111932,2020-09-22 11:19:32.32  40.928  23.783 -0000.02  0000.08  00.02  00.58  203.7  007.93  1017.580  1522.64 
$METRECXR,1600773685,092220,112125,2020-09-22 11:21:25.07  40.924  23.780 -0000.02  0000.09  00.02  00.62  203.8  007.93  1017.580  1522.63 
$METRECXR,1600777168,092220,121928,2020-09-22 12:19:27.62  40.832  23.697 -0000.00  0000.09  00.02  00.00  204.3  007.95  1017.590  1522.40 
$METRECXR,1600773401,092220,111641,MONITOR
$METRECXR,1600773529,092220,111849,2020-09-22 11:18:49.20  40.927  23.783 -0000.02  0000.07  00.02  00.41  203.8  007.93  1017.579  1522.64 
$METRECXR,1600773572,092220,111932,2020-09-22 11:19:32.32  40.928  23.783 -0000.02  0000.08  00.02  00.58  203.7  007.93  1017.580  1522.64 
$METRECXR,1600773685,092220,112125,2020-09-22 11:21:25.07  40.924  23.780 -0000.02  0000.09  00.02  00.62  203.8  007.93  1017.580  1522.63 
$METRECXR,1600777168,092220,121928,2020-09-22 12:19:27.62  40.832  23.697 -0000.00  0000.09  00.02  00.00  204.3  007.95  1017.590  1522.40 
$METRECXR,1600773401,092220,111641,MONITOR
$METRECXR,1600773529,092220,111849,2020-09-22 11:18:49.20  40.927  23.783 -0000.02  0000.07  00.02  00.41  203.8  007.93  1017.579  1522.64 
$METRECXR,1600773572,092220,111932,2020-09-22 11:19:32.32  40.928  23.783 -0000.02  0000.08  00.02  00.58  203.7  007.93  1017.580  1522.64 
$METRECXR,1600773685,092220,112125,2020-09-22 11:21:25.07  40.924  23.780 -0000.02  0000.09  00.02  00.62  203.8  007.93  1017.580  1522.63 
$METRECXR,1600777168,092220,121928,2020-09-22 12:19:27.62  40.832  23.697 -0000.00  0000.09  00.02  00.00  204.3  007.95  1017.590  1522.40 
$METRECXR,1600773401,092220,111641,MONITOR
$METRECXR,1600773529,092220,111849,2020-09-22 11:18:49.20  40.927  23.783 -0000.02  0000.07  00.02  00.41  203.8  007.93  1017.579  1522.64 
$METRECXR,1600773572,092220,111932,2020-09-22 11:19:32.32  40.928  23.783 -0000.02  0000.08  00.02  00.58  203.7  007.93  1017.580  1522.64 
$METRECXR,1600773685,092220,112125,2020-09-22 11:21:25.07  40.924  23.780 -0000.02  0000.09  00.02  00.62  203.8  007.93  1017.580  1522.63 
$METRECXR,1600777168,092220,121928,2020-09-22 12:19:27.62  40.832  23.697 -0000.00  0000.09  00.02  00.00  204.3  007.95  1017.590  1522.40 
$METRECXR,1600773401,092220,111641,MONITOR
$METRECXR,1600773529,092220,111849,2020-09-22 11:18:49.20  40.927  23.783 -0000.02  0000.07  00.02  00.41  203.8  007.93  1017.579  1522.64 
$METRECXR,1600773572,092220,111932,2020-09-22 11:19:32.32  40.928  23.783 -0000.02  0000.08  00.02  00.58  203.7  007.93  1017.580  1522.64 
$METRECXR,1600773685,092220,112125,2020-09-22 11:21:25.07  40.924  23.780 -0000.02  0000.09  00.02  00.62  203.8  007.93  1017.580  1522.63 
$METRECXR,1600777168,092220,121928,2020-09-22 12:19:27.62  40.832  23.697 -0000.00  0000.09  00.02  00.00  204.3  007.95  1017.590  1522.40 
$METRECXR,1600773401,092220,111641,MONITOR
$METRECXR,1600773529,092220,111849,2020-09-22 11:18:49.20  40.927  23.783 -0000.02  0000.07  00.02  00.41  203.8  007.93  1017.579  1522.64 
$METRECXR,1600773572,092220,111932,2020-09-22 11:19:32.32  40.928  23.783 -0000.02  0000.08  00.02  00.58  203.7  007.93  1017.580  1522.64 
$METRECXR,1600773685,092220,112125,2020-09-22 11:21:25.07  40.924  23.780 -0000.02  0000.09  00.02  00.62  203.8  007.93  1017.580  1522.63 
$METRECXR,1600777168,092220,121928,2020-09-22 12:19:27.62  40.832  23.697 -0000.00  0000.09  00.02  00.00  204.3  007.95  1017.590  1522.40 
$METRECXR,1600773401,092220,111641,MONITOR
$METRECXR,1600773529,092220,111849,2020-09-22 11:18:49.20  40.927  23.783 -0000.02  0000.07  00.02  00.41  203.8  007.93  1017.579  1522.64 
$METRECXR,1600773572,092220,111932,2020-09-22 11:19:32.32  40.928  23.783 -0000.02  0000.08  00.02  00.58  203.7  007.93  1017.580  1522.64 
$METRECXR,1600773685,092220,112125,2020-09-22 11:21:25.07  40.924  23.780 -0000.02  0000.09  00.02  00.62  203.8  007.93  1017.580  1522.63 
$METRECXR,1600777168,092220,121928,2020-09-22 12:19:27.62  40.832  23.697 -0000.00  0000.09  00.02  00.00  204.3  007.95  1017.590  1522.40 
$METRECXR,1600773401,092220,111641,MONITOR
$METRECXR,1600773529,092220,111849,2020-09-22 11:18:49.20  40.927  23.783 -0000.02  0000.07  00.02  00.41  203.8  007.93  1017.579  1522.64 
$METRECXR,1600773572,092220,111932,2020-09-22 11:19:32.32  40.928  23.783 -0000.02  0000.08  00.02  00.58  203.7  007.93  1017.580  1522.64 
$METRECXR,1600773685,092220,112125,2020-09-22 11:21:25.07  40.924  23.780 -0000.02  0000.09  00.02  00.62  203.8  007.93  1017.580  1522.63 
$METRECXR,1600777168,092220,121928,2020-09-22 12:19:27.62  40.832  23.697 -0000.00  0000.09  00.02  00.00  204.3  007.95  1017.590  1522.40 
$METRECXR,1600773401,092220,111641,MONITOR
$METRECXR,1600773529,092220,111849,2020-09-22 11:18:49.20  40.927  23.783 -0000.02  0000.07  00.02  00.41  203.8  007.93  1017.579  1522.64 
$METRECXR,1600773572,092220,111932,2020-09-22 11:19:32.32  40.928  23.783 -0000.02  0000.08  00.02  00.58  203.7  007.93  1017.580  1522.64 
$METRECXR,1600773685,092220,112125,2020-09-22 11:21:25.07  40.924  23.780 -0000.02  0000.09  00.02  00.62  203.8  007.93  1017.580  1522.63 
$METRECXR,1600777168,092220,121928,2020-09-22 12:19:27.62  40.832  23.697 -0000.00  0000.09  00.02  00.00  204.3  007.95  1017.590  1522.40 
$METRECXR,1600773401,092220,111641,MONITOR
$METRECXR,1600773529,092220,111849,2020-09-22 11:18:49.20  40.927  23.783 -0000.02  0000.07  00.02  00.41  203.8  007.93  1017.579  1522.64 
$METRECXR,1600773572,092220,111932,2020-09-22 11:19:32.32  40.928  23.783 -0000.02  0000.08  00.02  00.58  203.7  007.93  1017.580  1522.64 
$METRECXR,1600773685,092220,112125,2020-09-22 11:21:25.07  40.924  23.780 -0000.02  0000.09  00.02  00.62  203.8  007.93  1017.580  1522.63 
$METRECXR,1600777168,092220,121928,2020-09-22 12:19:27.62  40.832  23.697 -0000.00  0000.09  00.02  00.00  204.3  007.95  1017.590  1522.40 
$METRECXR,1600773401,092220,111641,MONITOR
$METRECXR,1600773529,092220,111849,2020-09-22 11:18:49.20  40.927  23.783 -0000.02  0000.07  00.02  00.41  203.8  007.93  1017.579  1522.64 
$METRECXR,1600773572,092220,111932,2020-09-22 11:19:32.32  40.928  23.783 -0000.02  0000.08  00.02  00.58  203.7  007.93  1017.580  1522.64 
$METRECXR,1600773685,092220,112125,2020-09-22 11:21:25.07  40.924  23.780 -0000.02  0000.09  00.02  00.62  203.8  007.93  1017.580  1522.63 
$METRECXR,1600777168,092220,121928,2020-09-22 12:19:27.62  40.832  23.697 -0000.00  0000.09  00.02  00.00  204.3  007.95  1017.590  1522.40 
$METRECXR,1600773401,092220,111641,MONITOR
$METRECXR,1600773529,092220,111849,2020-09-22 11:18:49.20  40.927  23.783 -0000.02  0000.07  00.02  00.41  203.8  007.93  1017.579  1522.64 
$METRECXR,1600773572,092220,111932,2020-09-22 11:19:32.32  40.928  23.783 -0000.02  0000.08  00.02  00.58  203.7  007.93  1017.580  1522.64 
$METRECXR,1600773685,092220,112125,2020-09-22 11:21:25.07  40.924  23.780 -0000.02  0000.09  00.02  00.62  203.8  007.93  1017.580  1522.63 
$METRECXR,1600777168,092220,121928,2020-09-22 12:19:27.62  40.832  23.697 -0000.00  0000.09  00.02  00.00  204.3  007.95  1017.590  1522.40 
$METRECXR,1600773401,092220,111641,MONITOR
$METRECXR,1600773529,092220,111849,2020-09-22 11:18:49.20  40.927  23.783 -0000.02  0000.07  00.02  00.41  203.8  007.93  1017.579  1522.64 
$METRECXR,1600773572,092220,111932,2020-09-22 11:19:32.32  40.928  23.783 -0000.02  0000.08  00.02  00.58  203.7  007.93  1017.580  1522.64 
$METRECXR,1600773685,092220,112125,2020-09-22 11:21:25.07  40.924  23.780 -0000.02  0000.09  00.02  00.62  203.8  007.93  1017.580  1522.63 
$METRECXR,1600777168,092220,121928,2020-09-22 12:19:27.62  40.832  23.697 -0000.00  0000.09  00.02  00.00  204.3  007.95  1017.590  1522.40 
$METRECXR,1600773401,092220,111641,MONITOR
$METRECXR,1600773529,092220,111849,2020-09-22 11:18:49.20  40.927  23.783 -0000.02  0000.07  00.02  00.41  203.8  007.93  1017.579  1522.64 
$METRECXR,1600773572,092220,111932,2020-09-22 11:19:32.32  40.928  23.783 -0000.02  0000.08  00.02  00.58  203.7  007.93  1017.580  1522.64 
$METRECXR,1600773685,092220,112125,2020-09-22 11:21:25.07  40.924  23.780 -0000.02  0000.09  00.02  00.62  203.8  007.93  1017.580  1522.63 
$METRECXR,1600777168,092220,121928,2020-09-22 12:19:27.62  40.832  23.697 -0000.00  0000.09  00.02  00.00  204.3  007.95  1017.590  1522.40 
$METRECXR,1600773401,092220,111641,MONITOR
$METRECXR,1600773529,092220,111849,2020-09-22 11:18:49.20  40.927  23.783 -0000.02  0000.07  00.02  00.41  203.8  007.93  1017.579  1522.64 
$METRECXR,1600773572,092220,111932,2020-09-22 11:19:32.32  40.928  23.783 -0000.02  0000.08  00.02  00.58  203.7  007.93  1017.580  1522.64 
$METRECXR,1600773685,092220,112125,2020-09-22 11:21:25.07  40.924  23.780 -0000.02  0000.09  00.02  00.62  203.8  007.93  1017.580  1522.63 
$METRECXR,1600777168,092220,121928,2020-09-22 12:19:27.62  40.832  23.697 -0000.00  0000.09  00.02  00.00  204.3  007.95  1017.590  1522.40 
$METRECXR,1600773401,092220,111641,MONITOR
$METRECXR,1600773529,092220,111849,2020-09-22 11:18:49.20  40.927  23.783 -0000.02  0000.07  00.02  00.41  203.8  007.93  1017.579  1522.64 
$METRECXR,1600773572,092220,111932,2020-09-22 11:19:32.32  40.928  23.783 -0000.02  0000.08  00.02  00.58  203.7  007.93  1017.580  1522.64 
$METRECXR,1600773685,092220,112125,2020-09-22 11:21:25.07  40.924  23.780 -0000.02  0000.09  00.02  00.62  203.8  007.93  1017.580  1522.63 
$METRECXR,1600777168,092220,121928,2020-09-22 12:19:27.62  40.832  23.697 -0000.00  0000.09  00.02  00.00  204.3  007.95  1017.590  1522.40 
$METRECXR,1600773401,092220,111641,MONITOR
$METRECXR,1600773529,092220,111849,2020-09-22 11:18:49.20  40.927  23.783 -0000.02  0000.07  00.02  00.41  203.8  007.93  1017.579  1522.64 
$METRECXR,1600773572,092220,111932,2020-09-22 11:19:32.32  40.928  23.783 -0000.02  0000.08  00.02  00.58  203.7  007.93  1017.580  1522.64 
$METRECXR,1600773685,092220,112125,2020-09-22 11:21:25.07  40.924  23.780 -0000.02  0000.09  00.02  00.62  203.8  007.93  1017.580  1522.63 
$METRECXR,1600777168,092220,121928,2020-09-22 12:19:27.62  40.832  23.697 -0000.00  0000.09  00.02  00.00  204.3  007.95  1017.590  1522.40 
$METRECXR,1600773401,092220,111641,MONITOR
$METRECXR,1600773529,092220,111849,2020-09-22 11:18:49.20  40.927  23.783 -0000.02  0000.07  00.02  00.41  203.8  007.93  1017.579  1522.64 
$METRECXR,1600773572,092220,111932,2020-09-22 11:19:32.32  40.928  23.783 -0000.02  0000.08  00.02  00.58  203.7  007.93  1017.580  1522.64 
$METRECXR,1600773685,092220,112125,2020-09-22 11:21:25.07  40.924  23.780 -0000.02  0000.09  00.02  00.62  203.8  007.93  1017.580  1522.63 
$METRECXR,1600777168,092220,121928,2020-09-22 12:19:27.62  40.832  23.697 -0000.00  0000.09  00.02  00.00  204.3  007.95  1017.590  1522.40 
$METRECXR,1600773401,092220,111641,MONITOR
$METRECXR,1600773529,092220,111849,2020-09-22 11:18:49.20  40.927  23.783 -0000.02  0000.07  00.02  00.41  203.8  007.93  1017.579  1522.64 
$METRECXR,1600773572,092220,111932,2020-09-22 11:19:32.32  40.928  23.783 -0000.02  0000.08  00.02  00.58  203.7  007.93  1017.580  1522.64 
$METRECXR,1600773685,092220,112125,2020-09-22 11:21:25.07  40.924  23.780 -0000.02  0000.09  00.02  00.62  203.8  007.93  1017.580  1522.63 
$METRECXR,1600777168,092220,121928,2020-09-22 12:19:27.62  40.832  23.697 -0000.00  0000.09  00.02  00.00  204.3  007.95  1017.590  1522.40 
$METRECXR,1600773401,092220,111641,MONITOR
$METRECXR,1600773529,092220,111849,2020-09-22 11:18:49.20  40.927  23.783 -0000.02  0000.07  00.02  00.41  203.8  007.93  1017.579  1522.64 
$METRECXR,1600773572,092220,111932,2020-09-22 11:19:32.32  40.928  23.783 -0000.02  0000.08  00.02  00.58  203.7  007.93  1017.580  1522.64 
$METRECXR,1600773685,092220,112125,2020-09-22 11:21:25.07  40.924  23.780 -0000.02  0000.09  00.02  00.62  203.8  007.93  1017.580  1522.63 
$METRECXR,1600777168,092220,121928,2020-09-22 12:19:27.62  40.832  23.697 -0000.00  0000.09  00.02  00.00  204.3  007.95  1017.590  1522.40 
$METRECXR,1600773401,092220,111641,MONITOR
$METRECXR,1600773529,092220,111849,2020-09-22 11:18:49.20  40.927  23.783 -0000.02  0000.07  00.02  00.41  203.8  007.93  1017.579  1522.64 
$METRECXR,1600773572,092220,111932,2020-09-22 11:19:32.32  40.928  23.783 -0000.02  0000.08  00.02  00.58  203.7  007.93  1017.580  1522.64 
$METRECXR,1600773685,092220,112125,2020-09-22 11:21:25.07  40.924  23.780 -0000.02  0000.09  00.02  00.62  203.8  007.93  1017.580  1522.63 
$METRECXR,1600777168,092220,121928,2020-09-22 12:19:27.62  40.832  23.697 -0000.00  0000.09  00.02  00.00  204.3  007.95  1017.590  1522.40 
$METRECXR,1600773401,092220,111641,MONITOR
$METRECXR,1600773529,092220,111849,2020-09-22 11:18:49.20  40.927  23.783 -0000.02  0000.07  00.02  00.41  203.8  007.93  1017.579  1522.64 
$METRECXR,1600773572,092220,111932,2020-09-22 11:19:32.32  40.928  23.783 -0000.02  0000.08  00.02  00.58  203.7  007.93  1017.580  1522.64 
$METRECXR,1600773685,092220,112125,2020-09-22 11:21:25.07  40.924  23.780 -0000.02  0000.09  00.02  00.62  203.8  007.93  1017.580  1522.63 
$METRECXR,1600777168,092220,121928,2020-09-22 12:19:27.62  40.832  23.697 -0000.00  0000.09  00.02  00.00  204.3  007.95  1017.590  1522.40 
$METRECXR,1600773401,092220,111641,MONITOR
$METRECXR,1600773529,092220,111849,2020-09-22 11:18:49.20  40.927  23.783 -0000.02  0000.07  00.02  00.41  203.8  007.93  1017.579  1522.64 
$METRECXR,1600773572,092220,111932,2020-09-22 11:19:32.32  40.928  23.783 -0000.02  0000.08  00.02  00.58  203.7  007.93  1017.580  1522.64 
$METRECXR,1600773685,092220,112125,2020-09-22 11:21:25.07  40.924  23.780 -0000.02  0000.09  00.02  00.62  203.8  007.93  1017.580  1522.63 
$METRECXR,1600777168,092220,121928,2020-09-22 12:19:27.62  40.832  23.697 -0000.00  0000.09  00.02  00.00  204.3  007.95  1017.590  1522.40 
$METRECXR,1600773401,092220,111641,MONITOR
$METRECXR,1600773529,092220,111849,2020-09-22 11:18:49.20  40.927  23.783 -0000.02  0000.07  00.02  00.41  203.8  007.93  1017.579  1522.64 
$METRECXR,1600773572,092220,111932,2020-09-22 11:19:32.32  40.928  23.783 -0000.02  0000.08  00.02  00.58  203.7  007.93  1017.580  1522.64 
$METRECXR,1600773685,092220,112125,2020-09-22 11:21:25.07  40.924  23.780 -0000.02  0000.09  00.02  00.62  203.8  007.93  1017.580  1522.63 
$METRECXR,1600777168,092220,121928,2020-09-22 12:19:27.62  40.832  23.697 -0000.00  0000.09  00.02  00.00  204.3  007.95  1017.590  1522.40 
$METRECXR,1600773401,092220,111641,MONITOR
$METRECXR,1600773529,092220,111849,2020-09-22 11:18:49.20  40.927  23.783 -0000.02  0000.07  00.02  00.41  203.8  007.93  1017.579  1522.64 
$METRECXR,1600773572,092220,111932,2020-09-22 11:19:32.32  40.928  23.783 -0000.02  0000.08  00.02  00.58  203.7  007.93  1017.580  1522.64 
$METRECXR,1600773685,092220,112125,2020-09-22 11:21:25.07  40.924  23.780 -0000.02  0000.09  00.02  00.62  203.8  007.93  1017.580  1522.63 
$METRECXR,1600777168,092220,121928,2020-09-22 12:19:27.62  40.832  23.697 -0000.00  0000.09  00.02  00.00  204.3  007.95  1017.590  1522.40 
$METRECXR,1600773401,092220,111641,MONITOR
$METRECXR,1600773529,092220,111849,2020-09-22 11:18:49.20  40.927  23.783 -0000.02  0000.07  00.02  00.41  203.8  007.93  1017.579  1522.64 
$METRECXR,1600773572,092220,111932,2020-09-22 11:19:32.32  40.928  23.783 -0000.02  0000.08  00.02  00.58  203.7  007.93  1017.580  1522.64 
$METRECXR,1600773685,092220,112125,2020-09-22 11:21:25.07  40.924  23.780 -0000.02  0000.09  00.02  00.62  203.8  007.93  1017.580  1522.63 
$METRECXR,1600777168,092220,121928,2020-09-22 12:19:27.62  40.832  23.697 -0000.00  0000.09  00.02  00.00  204.3  007.95  1017.590  1522.40 
$METRECXR,1600773401,092220,111641,MONITOR
$METRECXR,1600773529,092220,111849,2020-09-22 11:18:49.20  40.927  23.783 -0000.02  0000.07  00.02  00.41  203.8  007.93  1017.579  1522.64 
$METRECXR,1600773572,092220,111932,2020-09-22 11:19:32.32  40.928  23.783 -0000.02  0000.08  00.02  00.58  203.7  007.93  1017.580  1522.64 
$METRECXR,1600773685,092220,112125,2020-09-22 11:21:25.07  40.924  23.780 -0000.02  0000.09  00.02  00.62  203.8  007.93  1017.580  1522.63 
$METRECXR,1600777168,092220,121928,2020-09-22 12:19:27.62  40.832  23.697 -0000.00  0000.09  00.02  00.00  204.3  007.95  1017.590  1522.40 
$METRECXR,1600773401,092220,111641,MONITOR
$METRECXR,1600773529,092220,111849,2020-09-22 11:18:49.20  40.927  23.783 -0000.02  0000.07  00.02  00.41  203.8  007.93  1017.579  1522.64 
$METRECXR,1600773572,092220,111932,2020-09-22 11:19:32.32  40.928  23.783 -0000.02  0000.08  00.02  00.58  203.7  007.93  1017.580  1522.64 
$METRECXR,1600773685,092220,112125,2020-09-22 11:21:25.07  40.924  23.780 -0000.02  0000.09  00.02  00.62  203.8  007.93  1017.580  1522.63 
$METRECXR,1600777168,092220,121928,2020-09-22 12:19:27.62  40.832  23.697 -0000.00  0000.09  00.02  00.00  204.3  007.95  1017.590  1522.40 
$METRECXR,1600773401,092220,111641,MONITOR
$METRECXR,1600773529,092220,111849,2020-09-22 11:18:49.20  40.927  23.783 -0000.02  0000.07  00.02  00.41  203.8  007.93  1017.579  1522.64 
$METRECXR,1600773572,092220,111932,2020-09-22 11:19:32.32  40.928  23.783 -0000.02  0000.08  00.02  00.58  203.7  007.93  1017.580  1522.64 
$METRECXR,1600773685,092220,112125,2020-09-22 11:21:25.07  40.924  23.780 -0000.02  0000.09  00.02  00.62  203.8  007.93  1017.580  1522.63 
$METRECXR,1600777168,092220,121928,2020-09-22 12:19:27.62  40.832  23.697 -0000.00  0000.09  00.02  00.00  204.3  007.95  1017.590  1522.40 
$METRECXR,1600773401,092220,111641,MONITOR
$METRECXR,1600773529,092220,111849,2020-09-22 11:18:49.20  40.927  23.783 -0000.02  0000.07  00.02  00.41  203.8  007.93  1017.579  1522.64 
$METRECXR,1600773572,092220,111932,2020-09-22 11:19:32.32  40.928  23.783 -0000.02  0000.08  00.02  00.58  203.7  007.93  1017.580  1522.64 
$METRECXR,1600773685,092220,112125,2020-09-22 11:21:25.07  40.924  23.780 -0000.02  0000.09  00.02  00.62  203.8  007.93  1017.580  1522.63 
$METRECXR,1600777168,092220,121928,2020-09-22 12:19:27.62  40.832  23.697 -0000.00  0000.09  00.02  00.00  204.3  007.95  1017.590  1522.40 
$METRECXR,1600773401,092220,111641,MONITOR
$METRECXR,1600773529,092220,111849,2020-09-22 11:18:49.20  40.927  23.783 -0000.02  0000.07  00.02  00.41  203.8  007.93  1017.579  1522.64 
$METRECXR,1600773572,092220,111932,2020-09-22 11:19:32.32  40.928  23.783 -0000.02  0000.08  00.02  00.58  203.7  007.93  1017.580  1522.64 
$METRECXR,1600773685,092220,112125,2020-09-22 11:21:25.07  40.924  23.780 -0000.02  0000.09  00.02  00.62  203.8  007.93  1017.580  1522.63 
$METRECXR,1600777168,092220,121928,2020-09-22 12:19:27.62  40.832  23.697 -0000.00  0000.09  00.02  00.00  204.3  007.95  1017.590  1522.40 
$METRECXR,1600773401,092220,111641,MONITOR
$METRECXR,1600773529,092220,111849,2020-09-22 11:18:49.20  40.927  23.783 -0000.02  0000.07  00.02  00.41  203.8  007.93  1017.579  1522.64 
$METRECXR,1600773572,092220,111932,2020-09-22 11:19:32.32  40.928  23.783 -0000.02  0000.08  00.02  00.58  203.7  007.93  1017.580  1522.64 
$METRECXR,1600773685,092220,112125,2020-09-22 11:21:25.07  40.924  23.780 -0000.02  0000.09  00.02  00.62  203.8  007.93  1017.580  1522.63 
$METRECXR,1600777168,092220,121928,2020-09-22 12:19:27.62  40.832  23.697 -0000.00  0000.09  00.02  00.00  204.3  007.95  1017.590  1522.40 
$METRECXR,1600773401,092220,111641,MONITOR
$METRECXR,1600773529,092220,111849,2020-09-22 11:18:49.20  40.927  23.783 -0000.02  0000.07  00.02  00.41  203.8  007.93  1017.579  1522.64 
$METRECXR,1600773572,092220,111932,2020-09-22 11:19:32.32  40.928  23.783 -0000.02  0000.08  00.02  00.58  203.7  007.93  1017.580  1522.64 
$METRECXR,1600773685,092220,112125,2020-09-22 11:21:25.07  40.924  23.780 -0000.02  0000.09  00.02  00.62  203.8  007.93  1017.580  1522.63 
$METRECXR,1600777168,092220,121928,2020-09-22 12:19:27.62  40.832  23.697 -0000.00  0000.09  00.02  00.00  204.3  007.95  1017.590  1522.40 
$METRECXR,1600773401,092220,111641,MONITOR
$METRECXR,1600773529,092220,111849,2020-09-22 11:18:49.20  40.927  23.783 -0000.02  0000.07  00.02  00.41  203.8  007.93  1017.579  1522.64 
$METRECXR,1600773572,092220,111932,2020-09-22 11:19:32.32  40.928  23.783 -0000.02  0000.08  00.02  00.58  203.7  007.93  1017.580  1522.64 
$METRECXR,1600773685,092220,112125,2020-09-22 11:21:25.07  40.924  23.780 -0000.02  0000.09  00.02  00.62  203.8  007.93  1017.580  1522.63 
$METRECXR,1600777168,092220,121928,2020-09-22 12:19:27.62  40.832  23.697 -0000.00  0000.09  00.02  00.00  204.3  007.95  1017.590  1522.40 
$METRECXR,1600773401,092220,111641,MONITOR
$METRECXR,1600773529,092220,111849,2020-09-22 11:18:49.20  40.927  23.783 -0000.02  0000.07  00.02  00.41  203.8  007.93  1017.579  1522.64 
$METRECXR,1600773572,092220,111932,2020-09-22 11:19:32.32  40.928  23.783 -0000.02  0000.08  00.02  00.58  203.7  007.93  1017.580  1522.64 
$METRECXR,1600773685,092220,112125,2020-09-22 11:21:25.07  40.924  23.780 -0000.02  0000.09  00.02  00.62  203.8  007.93  1017.580  1522.63 
$METRECXR,1600777168,092220,121928,2020-09-22 12:19:27.62  40.832  23.697 -0000.00  0000.09  00.02  00.00  204.3  007.95  1017.590  1522.40 
$METRECXR,1600773401,092220,111641,MONITOR
$METRECXR,1600773529,092220,111849,2020-09-22 11:18:49.20  40.927  23.783 -0000.02  0000.07  00.02  00.41  203.8  007.93  1017.579  1522.64 
$METRECXR,1600773572,092220,111932,2020-09-22 11:19:32.32  40.928  23.783 -0000.02  0000.08  00.02  00.58  203.7  007.93  1017.580  1522.64 
$METRECXR,1600773685,092220,112125,2020-09-22 11:21:25.07  40.924  23.780 -0000.02  0000.09  00.02  00.62  203.8  007.93  1017.580  1522.63 
$METRECXR,1600777168,092220,121928,2020-09-22 12:19:27.62  40.832  23.697 -0000.00  0000.09  00.02  00.00  204.3  007.95  1017.590  1522.40 
