$METRECXR,1601288999,092820,102959,2020-09-28 10:30:00.53  00.000  18.651  0000.02  0000.00  240.0  007.93 
$METRECXR,1601289007,092820,103007,2020-09-28 10:30:08.47  00.000  18.675  0000.01  0000.00  240.0  007.93 
$METRECXR,1601289127,092820,103207,2020-09-28 10:32:08.70  00.000  18.569  0000.02  0000.00  240.2  007.93 
$METRECXR,1601289248,092820,103408,2020-09-28 10:34:08.91  00.000  18.660  0000.02  0000.00  240.0  007.93 
$METRECXR,1601289368,092820,103608,2020-09-28 10:36:09.13  00.000  18.640  0000.01  0000.00  240.3  007.93 
$METRECXR,1601289487,092820,103807,2020-09-28 10:38:08.32  00.000  18.635  0000.01  0000.00  240.2  007.93 
$METRECXR,1601289607,092820,104007,2020-09-28 10:40:08.55  00.000  18.624  0000.01  0000.00  240.1  007.93 
$METRECXR,1601289728,092820,104208,2020-09-28 10:42:08.76  00.000  18.615  0000.01  0000.00  240.4  007.93 
$METRECXR,1601289828 10:46:08.18  00.000  18.599  0000.02  0000.00  240.4  007.93 
$METRECXR,1601290087,092820,104807,2020-09-28 10:48:08.46  00.000  18.588  0000.01  0000.00  240.5  007.93 
$METRECXR,1601290468,092820,105428,MCX Version 4.23 SN:   0
$METRECXR,1601290567,092820,105607,2020-09-28 10:56:07.78  00.000  18.573  0000.02  0000.00  240.7  007.93 
$METRECXR,1601290688,092820,105808,2020-09-28 10:58:07.98  00.000  18.615  0000.02  0000.00  240.7  007.93 
$METRECXR,1601290807,092820,110007,2020-09-28 11:00:07.21  00.000  18.608  0000.02  0000.00  240.6  007.93 
$METRECXR,1601290927,092820,110207,2020-09-28 11:02:07.42  00.000  18.649  0000.02  0000.00  240.6  007.93 
$METRECXR,1601291047,092820,110407,2020-09-28 11:04:07.62  00.000  18.662  0000.02  0000.00  240.3  007.93 
$METRECXR,1601291168,092820,110608,2020-09-28 11:06:07.83  00.000  18.680  0000.02  0000.00  240.5  007.93 
