$MSTAT,1601546400,100120,100000,12.0649,0.1749,22.2170,39.8659,3.2142,1.2144,3.3162,15284512
b'$GPRMC,100227.000,A,4539.2645,N,01348.2059,E,5.97,311.23,011020,,,A*6D'
$MSTAT,1601547000,100120,101000,12.0465,0.2083,22.4328,40.8322,3.2134,1.2144,3.3154,15284480
b'$GPRMC,101113.000,A,4539.2416,N,01348.2629,E,3.75,130.44,011020,,,A*67'
$MSTAT,1601547600,100120,102000,12.0408,0.2214,22.3738,34.6735,3.2149,1.2144,3.3130,15284416
$GPRMC,102028.000,A,4539.2425,N,01348.2696,E,0.00,133.90,011020,,,A*62
$MSTAT,1601548200,100120,103000,12.0540,0.1986,22.4529,40.6284,3.2134,1.2144,3.3152,15284416
$GPRMC,103154.208,A,4539.2135,N,01348.3245,E,0.00,0.00,011020,,,A*64
$MSTAT,1601548801,100120,104001,12.0576,0.1945,22.5576,40.9040,3.2136,1.2144,3.3155,15284416
$GPRMC,104104.000,A,4539.2148,N,01348.3381,E,0.15,0.00,011020,,,A*6B
$MSTAT,1601554800,100120,122000,12.0531,0.1997,22.7268,40.4930,3.2141,1.2144,3.3157,15284416
$METRECXR,1601554802,100120,122002,2020-10-01,14:20:02,00.000,34.561,0000.22,0000.50,00.21,02.11,000.0,008.03,00.000,0000.000,0000.00
$GPRMC,122203.000,A,4539.1966,N,01348.3356,E,1.34,272.04,011020,,,A*67
$MSTAT,1601556600,100120,125000,12.0575,0.1956,22.8917,40.1754,3.2133,1.2144,3.3151,15284416
$METRECXR,1601556601,100120,125001,2020-10-01,14:50:02,00.000,34.561,0000.22,0000.50,00.21,02.11,000.0,008.03,00.000,0000.000,0000.00
$GPRMC,125218.219,A,4539.2006,N,01348.3032,E,0.00,299.13,011020,,,A*68
$MSTAT,1601557800,100120,131000,12.0574,0.1945,22.4552,37.9166,3.2143,1.2144,3.3155,15284416
$METRECXR,1601557800,100120,131000,2020-10-01,15:10:00,00.000,34.561,0000.22,0000.50,00.21,02.11,000.0,008.03,00.000,0000.000,0000.00
$GPRMC,131118.205,A,4539.1939,N,01348.3155,E,0.45,0.00,011020,,,A*64
$MSTAT,1601558400,100120,132000,12.0529,0.2053,22.7257,41.0258,3.2142,1.2144,3.3158,15284416
$METRECXR,1601558401,100120,132001,2020-10-01,15:20:02,00.000,34.561,0000.22,0000.50,00.21,02.11,000.0,008.03,00.000,0000.000,0000.00
$GPRMC,132103.000,A,4539.2055,N,01348.3156,E,1.26,284.01,011020,,,A*62
$METRECXR,1601559000,100120,133000,2020-10-01,15:30:00,00.000,34.561,0000.22,0000.50,00.21,02.11,000.0,008.03,00.000,0000.000,0000.00
$MSTAT,1601559000,100120,133000,12.0647,0.1802,23.0137,41.4040,3.2140,1.2144,3.3155,15284416
$NORTEK,01/01/2015,04:50,14.80,1550.80,350.70,21.60,-15.60,0.00,31.55,0.00,ENU,49,120,0.50,20,UP,#1,0.544,-0.138,-0.411,#2,0.106,-0.089,-0.505,#3,-0.516,-0.152,-0.749,#4,-0.266,0.192,-0.506,#5,-0.209,0.291,-0.423,#6,0.270,0.399,-0.077,#7,0.205,-0.145,-0.508,#8,0.400,-0.054,-0.237,#9,-0.098,-0.070,-0.324,#10,0.336,-0.028,-0.353,#11,0.055,0.065,-0.221,#12,0.252,-0.139,-0.299,#13,0.072,-0.143,-0.374,#14,0.614,0.362,-0.214,#15,0.358,0.134,-0.188,#16,-0.253,0.397,-0.214,#17,0.054,0.142,-0.128,#18,0.023,0.264,-0.237,#19,0.173,-0.011,-0.263,#20,0.138,-0.312,-0.477
$GPRMC,133104.000,A,4539.1976,N,01348.3339,E,0.70,274.46,011020,,,A*6A
$GPRMC,133135.000,A,4539.2059,N,01348.3099,E,1.48,269.94,011020,,,A*6F
$MSTAT,1601559601,100120,134001,12.0530,0.2121,23.0235,41.4832,3.2138,1.2144,3.3156,15284416
$NORTEK,01/01/2015,04:50,14.80,1550.80,350.70,21.60,-15.60,0.00,31.55,0.00,ENU,49,120,0.50,20,UP,#1,0.544,-0.138,-0.411,#2,0.106,-0.089,-0.505,#3,-0.516,-0.152,-0.749,#4,-0.266,0.192,-0.506,#5,-0.209,0.291,-0.423,#6,0.270,0.399,-0.077,#7,0.205,-0.145,-0.508,#8,0.400,-0.054,-0.237,#9,-0.098,-0.070,-0.324,#10,0.336,-0.028,-0.353,#11,0.055,0.065,-0.221,#12,0.252,-0.139,-0.299,#13,0.072,-0.143,-0.374,#14,0.614,0.362,-0.214,#15,0.358,0.134,-0.188,#16,-0.253,0.397,-0.214,#17,0.054,0.142,-0.128,#18,0.023,0.264,-0.237,#19,0.173,-0.011,-0.263,#20,0.138,-0.312,-0.477
$METRECXR,1601559603,100120,134003,2020-10-01,15:40:03,00.000,34.561,0000.22,0000.50,00.21,02.11,000.0,008.03,00.000,0000.000,0000.00
$MSTAT,1601560800,100120,140000,12.0594,0.1962,22.5962,40.1980,3.2145,1.2144,3.3155,15284416
$NORTEK,01/01/2015,04:50,14.80,1550.80,350.70,21.60,-15.60,0.00,31.55,0.00,ENU,49,120,0.50,20,UP,#1,0.544,-0.138,-0.411,#2,0.106,-0.089,-0.505,#3,-0.516,-0.152,-0.749,#4,-0.266,0.192,-0.506,#5,-0.209,0.291,-0.423,#6,0.270,0.399,-0.077,#7,0.205,-0.145,-0.508,#8,0.400,-0.054,-0.237,#9,-0.098,-0.070,-0.324,#10,0.336,-0.028,-0.353,#11,0.055,0.065,-0.221,#12,0.252,-0.139,-0.299,#13,0.072,-0.143,-0.374,#14,0.614,0.362,-0.214,#15,0.358,0.134,-0.188,#16,-0.253,0.397,-0.214,#17,0.054,0.142,-0.128,#18,0.023,0.264,-0.237,#19,0.173,-0.011,-0.263,#20,0.138,-0.312,-0.477
$METRECXR,1601560805,100120,140005,2020-10-01,16:00:04,00.000,34.561,0000.22,0000.50,00.21,02.11,000.0,008.03,00.000,0000.000,0000.00
$GPRMC,140104.000,A,4539.2101,N,01348.3086,E,0.38,0.00,011020,,,A*6D
$MSTAT,1601561400,100120,141000,12.0587,0.2003,22.8667,35.2072,3.2143,1.2144,3.3131,15284416
$METRECXR,1601561401,100120,141001,2020-10-01,16:10:01,00.000,34.561,0000.22,0000.50,00.21,02.11,000.0,008.03,00.000,0000.000,0000.00
$GPRMC,141224.220,A,4539.2027,N,01348.3128,E,0.00,199.38,011020,,,A*6C
$GPRMC,141734.000,A,4539.2031,N,01348.3121,E,0.06,0.00,011020,,,A*6A
$MSTAT,1601562600,100120,143000,12.0529,0.1992,23.0502,40.8341,3.2138,1.2144,3.3164,15284416
$METRECXR,1601562620,100120,143020,2020-10-01,16:30:20,00.000,34.561,0000.22,0000.50,00.21,02.11,000.0,008.03,00.000,0000.000,0000.00
$MSTAT,1601563200,100120,144000,12.0552,0.1921,22.8385,41.1501,3.2138,1.2144,3.3149,15284416
$METRECXR,1601563200,100120,144000,2020-10-01,16:40:00,00.000,34.561,0000.22,0000.50,00.21,02.11,000.0,008.03,00.000,0000.000,0000.00
$NORTEK,01/01/2015,04:50,14.80,1550.80,350.70,21.60,-15.60,0.00,31.55,0.00,ENU,49,120,0.50,20,UP,#1,0.544,-0.138,-0.411,#2,0.106,-0.089,-0.505,#3,-0.516,-0.152,-0.749,#4,-0.266,0.192,-0.506,#5,-0.209,0.291,-0.423,#6,0.270,0.399,-0.077,#7,0.205,-0.145,-0.508,#8,0.400,-0.054,-0.237,#9,-0.098,-0.070,-0.324,#10,0.336,-0.028,-0.353,#11,0.055,0.065,-0.221,#12,0.252,-0.139,-0.299,#13,0.072,-0.143,-0.374,#14,0.614,0.362,-0.214,#15,0.358,0.134,-0.188,#16,-0.253,0.397,-0.214,#17,0.054,0.142,-0.128,#18,0.023,0.264,-0.237,#19,0.173,-0.011,-0.263,#20,0.138,-0.312,-0.477
$MSTAT,1601563800,100120,145000,12.0633,0.1870,22.8134,40.9915,3.2139,1.2144,3.3159,15284416
$METRECXR,1601563801,100120,145001,2020-10-01,16:50:01,00.000,34.561,0000.22,0000.50,00.21,02.11,000.0,008.03,00.000,0000.000,0000.00
$NORTEK,01/01/2015,04:50,14.80,1550.80,350.70,21.60,-15.60,0.00,31.55,0.00,ENU,49,120,0.50,20,UP,#1,0.544,-0.138,-0.411,#2,0.106,-0.089,-0.505,#3,-0.516,-0.152,-0.749,#4,-0.266,0.192,-0.506,#5,-0.209,0.291,-0.423,#6,0.270,0.399,-0.077,#7,0.205,-0.145,-0.508,#8,0.400,-0.054,-0.237,#9,-0.098,-0.070,-0.324,#10,0.336,-0.028,-0.353,#11,0.055,0.065,-0.221,#12,0.252,-0.139,-0.299,#13,0.072,-0.143,-0.374,#14,0.614,0.362,-0.214,#15,0.358,0.134,-0.188,#16,-0.253,0.397,-0.214,#17,0.054,0.142,-0.128,#18,0.023,0.264,-0.237,#19,0.173,-0.011,-0.263,#20,0.138,-0.312,-0.477
$GPRMC,145148.302,A,4539.2144,N,01348.3029,E,0.82,289.10,011020,,,A*66
$MSTAT,1601564400,100120,150000,12.0587,0.1954,22.7936,41.0174,3.2141,1.2144,3.3165,15284416
$METRECXR,1601564402,100120,150002,2020-10-01,17:00:01,00.000,34.561,0000.22,0000.50,00.21,02.11,000.0,008.03,00.000,0000.000,0000.00
$NORTEK,01/01/2015,04:50,14.80,1550.80,350.70,21.60,-15.60,0.00,31.55,0.00,ENU,49,120,0.50,20,UP,#1,0.544,-0.138,-0.411,#2,0.106,-0.089,-0.505,#3,-0.516,-0.152,-0.749,#4,-0.266,0.192,-0.506,#5,-0.209,0.291,-0.423,#6,0.270,0.399,-0.077,#7,0.205,-0.145,-0.508,#8,0.400,-0.054,-0.237,#9,-0.098,-0.070,-0.324,#10,0.336,-0.028,-0.353,#11,0.055,0.065,-0.221,#12,0.252,-0.139,-0.299,#13,0.072,-0.143,-0.374,#14,0.614,0.362,-0.214,#15,0.358,0.134,-0.188,#16,-0.253,0.397,-0.214,#17,0.054,0.142,-0.128,#18,0.023,0.264,-0.237,#19,0.173,-0.011,-0.263,#20,0.138,-0.312,-0.477
$GPRMC,150200.218,A,4539.2072,N,01348.2968,E,0.25,0.00,011020,,,A*61
$GPRMC,150948.094,V,,,,,0.43,0.00,011020,,,N*44
$MSTAT,1601565000,100120,151000,12.0589,0.2044,22.8178,36.0497,3.2150,1.2144,3.3136,15284416
$METRECXR,1601565001,100120,151001,2020-10-01,17:10:01,00.000,34.561,0000.22,0000.50,00.21,02.11,000.0,008.03,00.000,0000.000,0000.00
$NORTEK,01/01/2015,04:50,14.80,1550.80,350.70,21.60,-15.60,0.00,31.55,0.00,ENU,49,120,0.50,20,UP,#1,0.544,-0.138,-0.411,#2,0.106,-0.089,-0.505,#3,-0.516,-0.152,-0.749,#4,-0.266,0.192,-0.506,#5,-0.209,0.291,-0.423,#6,0.270,0.399,-0.077,#7,0.205,-0.145,-0.508,#8,0.400,-0.054,-0.237,#9,-0.098,-0.070,-0.324,#10,0.336,-0.028,-0.353,#11,0.055,0.065,-0.221,#12,0.252,-0.139,-0.299,#13,0.072,-0.143,-0.374,#14,0.614,0.362,-0.214,#15,0.358,0.134,-0.188,#16,-0.253,0.397,-0.214,#17,0.054,0.142,-0.128,#18,0.023,0.264,-0.237,#19,0.173,-0.011,-0.263,#20,0.138,-0.312,-0.477
$GPRMC,151134.000,A,4539.2040,N,01348.3032,E,0.20,0.00,011020,,,A*6C
$GPRMC,151918.088,V,,,,,0.09,186.10,011020,,,N*4D
$MSTAT,1601565600,100120,152000,12.0596,0.2020,22.7922,35.7010,3.2143,1.2144,3.3137,15284416
$NORTEK,01/01/2015,04:50,14.80,1550.80,350.70,21.60,-15.60,0.00,31.55,0.00,ENU,49,120,0.50,20,UP,#1,0.544,-0.138,-0.411,#2,0.106,-0.089,-0.505,#3,-0.516,-0.152,-0.749,#4,-0.266,0.192,-0.506,#5,-0.209,0.291,-0.423,#6,0.270,0.399,-0.077,#7,0.205,-0.145,-0.508,#8,0.400,-0.054,-0.237,#9,-0.098,-0.070,-0.324,#10,0.336,-0.028,-0.353,#11,0.055,0.065,-0.221,#12,0.252,-0.139,-0.299,#13,0.072,-0.143,-0.374,#14,0.614,0.362,-0.214,#15,0.358,0.134,-0.188,#16,-0.253,0.397,-0.214,#17,0.054,0.142,-0.128,#18,0.023,0.264,-0.237,#19,0.173,-0.011,-0.263,#20,0.138,-0.312,-0.477
$METRECXR,1601565602,100120,152002,2020-10-01,17:20:02,00.000,34.561,0000.22,0000.50,00.21,02.11,000.0,008.03,00.000,0000.000,0000.00
$GPRMC,152238.000,V,,,,,1.17,98.07,011020,,,N*71
$MSTAT,1601567400,100120,155000,12.0572,0.1982,22.7493,35.0449,3.2147,1.2144,3.3129,15284416
$METRECXR,1601567401,100120,155001,2020-10-01,17:50:00,00.000,34.561,0000.22,0000.50,00.21,02.11,000.0,008.03,00.000,0000.000,0000.00
$GPRMC,155239.000,V,,,,,0.00,294.77,011020,,,N*49
$MSTAT,1601568001,100120,160001,12.0526,0.2029,22.7375,39.2951,3.2145,1.2144,3.3153,15284416
$METRECXR,1601568001,100120,160001,2020-10-01,18:00:00,00.000,34.561,0000.22,0000.50,00.21,02.11,000.0,008.03,00.000,0000.000,0000.00
$GPRMC,160034.000,A,4539.2039,N,01348.3248,E,0.58,0.00,011020,,,A*61
$GPRMC,160158.000,A,4539.1951,N,01348.3202,E,0.34,0.00,011020,,,A*6A
$GPRMC,160811.000,A,4539.2035,N,01348.2525,E,1.20,293.54,011020,,,A*68
$MSTAT,1601568599,100120,160959,12.0423,0.2112,22.9012,40.5936,3.2138,1.2144,3.3152,15284416
$MSTAT,1601568601,100120,161001,12.0445,0.1983,22.9101,40.6054,3.2142,1.2144,3.3153,15284416
$METRECXR,1601568601,100120,161001,2020-10-01,18:10:01,00.000,34.561,0000.22,0000.50,00.21,02.11,000.0,008.03,00.000,0000.000,0000.00
$GPRMC,161122.000,A,4539.2006,N,01348.3198,E,0.61,126.05,011020,,,A*6E
$GPRMC,161734.000,A,4539.2011,N,01348.3100,E,0.38,0.00,011020,,,A*64
$MSTAT,1601569200,100120,162000,12.0754,0.1627,22.9915,41.3169,3.2144,1.2144,3.3165,15284416
$NORTEK,01/01/2015,04:50,14.80,1550.80,350.70,21.60,-15.60,0.00,31.55,0.00,ENU,49,120,0.50,20,UP,#1,0.544,-0.138,-0.411,#2,0.106,-0.089,-0.505,#3,-0.516,-0.152,-0.749,#4,-0.266,0.192,-0.506,#5,-0.209,0.291,-0.423,#6,0.270,0.399,-0.077,#7,0.205,-0.145,-0.508,#8,0.400,-0.054,-0.237,#9,-0.098,-0.070,-0.324,#10,0.336,-0.028,-0.353,#11,0.055,0.065,-0.221,#12,0.252,-0.139,-0.299,#13,0.072,-0.143,-0.374,#14,0.614,0.362,-0.214,#15,0.358,0.134,-0.188,#16,-0.253,0.397,-0.214,#17,0.054,0.142,-0.128,#18,0.023,0.264,-0.237,#19,0.173,-0.011,-0.263,#20,0.138,-0.312,-0.477
$METRECXR,1601569204,100120,162004,2020-10-01,18:20:04,00.000,34.561,0000.22,0000.50,00.21,02.11,000.0,008.03,00.000,0000.000,0000.00
$GPRMC,162206.220,A,4539.1925,N,01348.3191,E,0.63,1.91,011020,,,A*61
$MSTAT,1601569800,100120,163000,12.0672,0.1808,22.9809,41.4984,3.2142,1.2144,3.3164,15284416
$METRECXR,1601569800,100120,163000,2020-10-01,18:30:00,00.000,34.561,0000.22,0000.50,00.21,02.11,000.0,008.03,00.000,0000.000,0000.00
$NORTEK,01/01/2015,04:50,14.80,1550.80,350.70,21.60,-15.60,0.00,31.55,0.00,ENU,49,120,0.50,20,UP,#1,0.544,-0.138,-0.411,#2,0.106,-0.089,-0.505,#3,-0.516,-0.152,-0.749,#4,-0.266,0.192,-0.506,#5,-0.209,0.291,-0.423,#6,0.270,0.399,-0.077,#7,0.205,-0.145,-0.508,#8,0.400,-0.054,-0.237,#9,-0.098,-0.070,-0.324,#10,0.336,-0.028,-0.353,#11,0.055,0.065,-0.221,#12,0.252,-0.139,-0.299,#13,0.072,-0.143,-0.374,#14,0.614,0.362,-0.214,#15,0.358,0.134,-0.188,#16,-0.253,0.397,-0.214,#17,0.054,0.142,-0.128,#18,0.023,0.264,-0.237,#19,0.173,-0.011,-0.263,#20,0.138,-0.312,-0.477
$GPRMC,163238.309,V,,,,,0.00,0.00,011020,,,N*48
$GPRMC,163600.090,V,,,,,0.00,0.00,011020,,,N*44
$MSTAT,1601570400,100120,164000,12.0705,0.1720,22.8356,35.0580,3.2144,1.2144,3.3128,15284416
$METRECXR,1601570402,100120,164002,2020-10-01,18:40:02,00.000,34.561,0000.22,0000.50,00.21,02.11,000.0,008.03,00.000,0000.000,0000.00
$GPRMC,164230.212,A,4539.1994,N,01348.3237,E,0.00,148.67,011020,,,A*66
$MSTAT,1601571001,100120,165001,12.0717,0.1688,22.8362,35.1223,3.2145,1.2144,3.3132,15284416
$METRECXR,1601571001,100120,165001,2020-10-01,18:50:00,00.000,34.561,0000.22,0000.50,00.21,02.11,000.0,008.03,00.000,0000.000,0000.00
$NORTEK,01/01/2015,04:50,14.80,1550.80,350.70,21.60,-15.60,0.00,31.55,0.00,ENU,49,120,0.50,20,UP,#1,0.544,-0.138,-0.411,#2,0.106,-0.089,-0.505,#3,-0.516,-0.152,-0.749,#4,-0.266,0.192,-0.506,#5,-0.209,0.291,-0.423,#6,0.270,0.399,-0.077,#7,0.205,-0.145,-0.508,#8,0.400,-0.054,-0.237,#9,-0.098,-0.070,-0.324,#10,0.336,-0.028,-0.353,#11,0.055,0.065,-0.221,#12,0.252,-0.139,-0.299,#13,0.072,-0.143,-0.374,#14,0.614,0.362,-0.214,#15,0.358,0.134,-0.188,#16,-0.253,0.397,-0.214,#17,0.054,0.142,-0.128,#18,0.023,0.264,-0.237,#19,0.173,-0.011,-0.263,#20,0.138,-0.312,-0.477
$GPRMC,165106.000,A,4539.1970,N,01348.3147,E,1.59,28.78,011020,,,A*5A
$GPRMC,165229.000,A,4539.2068,N,01348.3122,E,0.14,0.00,011020,,,A*69
$MSTAT,1601571600,100120,170000,12.0681,0.1854,22.8885,40.2698,3.2140,1.2144,3.3158,15284416
$MSTAT,1601571601,100120,170001,12.0273,0.2212,22.9015,40.3268,3.2133,1.2144,3.3153,15284416
$METRECXR,1601571601,100120,170001,2020-10-01,19:00:01,00.000,34.561,0000.22,0000.50,00.21,02.11,000.0,008.03,00.000,0000.000,0000.00
$GPRMC,170237.092,V,,,,,0.00,0.00,011020,,,N*44
$GPRMC,170934.000,A,4539.2086,N,01348.3084,E,0.39,0.00,011020,,,A*68
$METRECXR,1601572200,100120,171000,2020-10-01,19:10:00,00.000,34.561,0000.22,0000.50,00.21,02.11,000.0,008.03,00.000,0000.000,0000.00
$MSTAT,1601572200,100120,171000,12.0575,0.1921,22.9383,38.5616,3.2146,1.2144,3.3157,15284416
$GPRMC,171238.090,V,,,,,0.00,0.00,011020,,,N*48
$GPRMC,171804.000,A,4539.1895,N,01348.2938,E,0.41,0.00,011020,,,A*62
$MSTAT,1601572800,100120,172000,12.0375,0.2148,22.9513,40.5438,3.2146,1.2144,3.3163,15284416
$METRECXR,1601572801,100120,172001,2020-10-01,19:20:01,00.000,34.561,0000.22,0000.50,00.21,02.11,000.0,008.03,00.000,0000.000,0000.00
$NORTEK,01/01/2015,04:50,14.80,1550.80,350.70,21.60,-15.60,0.00,31.55,0.00,ENU,49,120,0.50,20,UP,#1,0.544,-0.138,-0.411,#2,0.106,-0.089,-0.505,#3,-0.516,-0.152,-0.749,#4,-0.266,0.192,-0.506,#5,-0.209,0.291,-0.423,#6,0.270,0.399,-0.077,#7,0.205,-0.145,-0.508,#8,0.400,-0.054,-0.237,#9,-0.098,-0.070,-0.324,#10,0.336,-0.028,-0.353,#11,0.055,0.065,-0.221,#12,0.252,-0.139,-0.299,#13,0.072,-0.143,-0.374,#14,0.614,0.362,-0.214,#15,0.358,0.134,-0.188,#16,-0.253,0.397,-0.214,#17,0.054,0.142,-0.128,#18,0.023,0.264,-0.237,#19,0.173,-0.011,-0.263,#20,0.138,-0.312,-0.477
$GPRMC,172239.304,V,,,,,0.00,0.00,011020,,,N*44
$MSTAT,1601573400,100120,173000,12.0515,0.1994,23.0131,41.0931,3.2145,1.2144,3.3163,15284416
$METRECXR,1601573402,100120,173002,2020-10-01,19:30:02,00.000,34.561,0000.22,0000.50,00.21,02.11,000.0,008.03,00.000,0000.000,0000.00
$GPRMC,173239.086,V,,,,,0.00,0.00,011020,,,N*4C
$GPRMC,173600.087,V,,,,,0.00,0.00,011020,,,N*43
$MSTAT,1601574001,100120,174001,12.0632,0.1917,23.0537,35.1979,3.2145,1.2144,3.3134,15284416
$METRECXR,1601574001,100120,174001,2020-10-01,19:40:00,00.000,34.561,0000.22,0000.50,00.21,02.11,000.0,008.03,00.000,0000.000,0000.00
$NORTEK,01/01/2015,04:50,14.80,1550.80,350.70,21.60,-15.60,0.00,31.55,0.00,ENU,49,120,0.50,20,UP,#1,0.544,-0.138,-0.411,#2,0.106,-0.089,-0.505,#3,-0.516,-0.152,-0.749,#4,-0.266,0.192,-0.506,#5,-0.209,0.291,-0.423,#6,0.270,0.399,-0.077,#7,0.205,-0.145,-0.508,#8,0.400,-0.054,-0.237,#9,-0.098,-0.070,-0.324,#10,0.336,-0.028,-0.353,#11,0.055,0.065,-0.221,#12,0.252,-0.139,-0.299,#13,0.072,-0.143,-0.374,#14,0.614,0.362,-0.214,#15,0.358,0.134,-0.188,#16,-0.253,0.397,-0.214,#17,0.054,0.142,-0.128,#18,0.023,0.264,-0.237,#19,0.173,-0.011,-0.263,#20,0.138,-0.312,-0.477
$GPRMC,174131.082,A,4539.1942,N,01348.3069,E,0.11,138.95,011020,,,A*66
$MSTAT,1601574600,100120,175000,12.0450,0.2029,23.1397,41.0991,3.2137,1.2144,3.3160,15284416
$METRECXR,1601574601,100120,175001,2020-10-01,19:50:00,00.000,34.561,0000.22,0000.50,00.21,02.11,000.0,008.03,00.000,0000.000,0000.00
$NORTEK,01/01/2015,04:50,14.80,1550.80,350.70,21.60,-15.60,0.00,31.55,0.00,ENU,49,120,0.50,20,UP,#1,0.544,-0.138,-0.411,#2,0.106,-0.089,-0.505,#3,-0.516,-0.152,-0.749,#4,-0.266,0.192,-0.506,#5,-0.209,0.291,-0.423,#6,0.270,0.399,-0.077,#7,0.205,-0.145,-0.508,#8,0.400,-0.054,-0.237,#9,-0.098,-0.070,-0.324,#10,0.336,-0.028,-0.353,#11,0.055,0.065,-0.221,#12,0.252,-0.139,-0.299,#13,0.072,-0.143,-0.374,#14,0.614,0.362,-0.214,#15,0.358,0.134,-0.188,#16,-0.253,0.397,-0.214,#17,0.054,0.142,-0.128,#18,0.023,0.264,-0.237,#19,0.173,-0.011,-0.263,#20,0.138,-0.312,-0.477
$GPRMC,175239.000,V,,,,,0.06,0.00,011020,,,N*42
$GPRMC,175451.000,V,,,,,0.00,33.61,011020,,,N*7B
$MSTAT,1601575200,100120,180000,12.0643,0.1863,23.0416,35.2469,3.2141,1.2144,3.3130,15284416
$NORTEK,01/01/2015,04:50,14.80,1550.80,350.70,21.60,-15.60,0.00,31.55,0.00,ENU,49,120,0.50,20,UP,#1,0.544,-0.138,-0.411,#2,0.106,-0.089,-0.505,#3,-0.516,-0.152,-0.749,#4,-0.266,0.192,-0.506,#5,-0.209,0.291,-0.423,#6,0.270,0.399,-0.077,#7,0.205,-0.145,-0.508,#8,0.400,-0.054,-0.237,#9,-0.098,-0.070,-0.324,#10,0.336,-0.028,-0.353,#11,0.055,0.065,-0.221,#12,0.252,-0.139,-0.299,#13,0.072,-0.143,-0.374,#14,0.614,0.362,-0.214,#15,0.358,0.134,-0.188,#16,-0.253,0.397,-0.214,#17,0.054,0.142,-0.128,#18,0.023,0.264,-0.237,#19,0.173,-0.011,-0.263,#20,0.138,-0.312,-0.477
$METRECXR,1601575204,100120,180004,2020-10-01,20:00:03,00.000,34.561,0000.22,0000.50,00.21,02.11,000.0,008.03,00.000,0000.000,0000.00
$GPRMC,180239.000,V,,,,,0.05,0.00,011020,,,N*4B
$GPRMC,180908.000,A,4539.2037,N,01348.2726,E,2.72,260.53,011020,,,A*63
$MSTAT,1601575800,100120,181000,12.0760,0.1506,22.9446,39.5591,3.2142,1.2144,3.3158,15284416
$METRECXR,1601575801,100120,181001,2020-10-01,20:10:00,00.000,34.561,0000.22,0000.50,00.21,02.11,000.0,008.03,00.000,0000.000,0000.00
$NORTEK,01/01/2015,04:50,14.80,1550.80,350.70,21.60,-15.60,0.00,31.55,0.00,ENU,49,120,0.50,20,UP,#1,0.544,-0.138,-0.411,#2,0.106,-0.089,-0.505,#3,-0.516,-0.152,-0.749,#4,-0.266,0.192,-0.506,#5,-0.209,0.291,-0.423,#6,0.270,0.399,-0.077,#7,0.205,-0.145,-0.508,#8,0.400,-0.054,-0.237,#9,-0.098,-0.070,-0.324,#10,0.336,-0.028,-0.353,#11,0.055,0.065,-0.221,#12,0.252,-0.139,-0.299,#13,0.072,-0.143,-0.374,#14,0.614,0.362,-0.214,#15,0.358,0.134,-0.188,#16,-0.253,0.397,-0.214,#17,0.054,0.142,-0.128,#18,0.023,0.264,-0.237,#19,0.173,-0.011,-0.263,#20,0.138,-0.312,-0.477
$GPRMC,181239.000,V,,,,,0.57,0.00,011020,,,N*4D
$GPRMC,181948.000,V,,,,,0.00,201.20,011020,,,N*43
$METRECXR,1601576400,100120,182000,2020-10-01,20:19:59,00.000,34.561,0000.22,0000.50,00.21,02.11,000.0,008.03,00.000,0000.000,0000.00
$MSTAT,1601576400,100120,182000,12.0475,0.1988,22.9418,35.8592,3.2146,1.2144,3.3138,15284416
$NORTEK,01/01/2015,04:50,14.80,1550.80,350.70,21.60,-15.60,0.00,31.55,0.00,ENU,49,120,0.50,20,UP,#1,0.544,-0.138,-0.411,#2,0.106,-0.089,-0.505,#3,-0.516,-0.152,-0.749,#4,-0.266,0.192,-0.506,#5,-0.209,0.291,-0.423,#6,0.270,0.399,-0.077,#7,0.205,-0.145,-0.508,#8,0.400,-0.054,-0.237,#9,-0.098,-0.070,-0.324,#10,0.336,-0.028,-0.353,#11,0.055,0.065,-0.221,#12,0.252,-0.139,-0.299,#13,0.072,-0.143,-0.374,#14,0.614,0.362,-0.214,#15,0.358,0.134,-0.188,#16,-0.253,0.397,-0.214,#17,0.054,0.142,-0.128,#18,0.023,0.264,-0.237,#19,0.173,-0.011,-0.263,#20,0.138,-0.312,-0.477
$GPRMC,182125.000,A,4539.2090,N,01348.3289,E,0.72,38.94,011020,,,A*5C
$MSTAT,1601577001,100120,183001,12.0664,0.1804,22.9633,35.4348,3.2146,1.2144,3.3135,15284416
$METRECXR,1601577002,100120,183002,2020-10-01,20:30:01,00.000,34.561,0000.22,0000.50,00.21,02.11,000.0,008.03,00.000,0000.000,0000.00
$NORTEK,01/01/2015,04:50,14.80,1550.80,350.70,21.60,-15.60,0.00,31.55,0.00,ENU,49,120,0.50,20,UP,#1,0.544,-0.138,-0.411,#2,0.106,-0.089,-0.505,#3,-0.516,-0.152,-0.749,#4,-0.266,0.192,-0.506,#5,-0.209,0.291,-0.423,#6,0.270,0.399,-0.077,#7,0.205,-0.145,-0.508,#8,0.400,-0.054,-0.237,#9,-0.098,-0.070,-0.324,#10,0.336,-0.028,-0.353,#11,0.055,0.065,-0.221,#12,0.252,-0.139,-0.299,#13,0.072,-0.143,-0.374,#14,0.614,0.362,-0.214,#15,0.358,0.134,-0.188,#16,-0.253,0.397,-0.214,#17,0.054,0.142,-0.128,#18,0.023,0.264,-0.237,#19,0.173,-0.011,-0.263,#20,0.138,-0.312,-0.477
$GPRMC,183238.309,V,,,,,0.00,0.00,011020,,,N*46
$GPRMC,183558.000,A,4539.2109,N,01348.3176,E,0.77,97.46,011020,,,A*5E7604,100120,184004,2020-10-01,20:40:03,00.000,34.561,0000.22,0000.50,00.21,02.11,000.0,008.03,00.000,0000.000,0000.00
$GPRMC,184304.299,V,,,,,0.00,0.00,011020,,,N*47
$MSTAT,1601578200,100120,185000,12.0184,0.2631,23.0946,35.5748,3.2142,1.2144,3.3156,15284448
$GPRMC,185239.303,V,,,,,0.00,0.00,011020,,,N*4B
$GPRMC,185451.000,V,,,,,0.00,26.14,011020,,,N*72
$METRECXR,1601589000,100120,215000,2020-10-01,23:50:00,00.000,34.561,0000.22,0000.50,00.21,02.11,000.0,008.03,00.000,0000.000,0000.00
$MSTAT,1601589000,100120,215000,12.0562,0.1905,22.3171,38.2005,3.2145,1.2144,3.3151,15284352
$GPRMC,215238.000,V,,,,,0.00,0.00,011020,,,N*40
$MSTAT,1601589600,100120,220000,12.0569,0.1973,22.7171,40.3559,3.2147,1.2144,3.3160,15284352
$METRECXR,1601589601,100120,220001,2020-10-02,00:00:00,00.000,34.561,0000.22,0000.50,00.21,02.11,000.0,008.03,00.000,0000.000,0000.00
$GPRMC,220133.000,A,4539.2220,N,01348.2727,E,0.41,0.00,011020,,,A*6F
$MSTAT,1601595000,100120,233000,12.0533,0.2010,22.2791,38.5944,3.2154,1.2144,3.3153,15284256
$METRECXR,1601595000,100120,233000,2020-10-02,01:30:01,00.000,34.561,0000.22,0000.50,00.21,02.11,000.0,008.03,00.000,0000.000,0000.00
$GPRMC,233239.000,V,,,,,0.00,215.89,011020,,,N*42
$METRECXR,1601595600,100120,234000,2020-10-02,01:40:00,00.000,34.561,0000.22,0000.50,00.21,02.11,000.0,008.03,00.000,0000.000,0000.00
$MSTAT,1601595600,100120,234000,12.0643,0.1777,22.6258,34.3916,3.2153,1.2144,3.3135,15284256
$METRECXR,1601596200,100120,235000,2020-10-02,01:50:00,00.000,34.561,0000.22,0000.50,00.21,02.11,000.0,008.03,00.000,0000.000,0000.00
$MSTAT,1601596200,100120,235000,12.0651,0.1700,22.8862,40.4973,3.2143,1.2144,3.3158,15284256
$NORTEK,01/01/2015,04:50,14.80,1550.80,350.70,21.60,-15.60,0.00,31.55,0.00,ENU,49,120,0.50,20,UP,#1,0.544,-0.138,-0.411,#2,0.106,-0.089,-0.505,#3,-0.516,-0.152,-0.749,#4,-0.266,0.192,-0.506,#5,-0.209,0.291,-0.423,#6,0.270,0.399,-0.077,#7,0.205,-0.145,-0.508,#8,0.400,-0.054,-0.237,#9,-0.098,-0.070,-0.324,#10,0.336,-0.028,-0.353,#11,0.055,0.065,-0.221,#12,0.252,-0.139,-0.299,#13,0.07.21,02.11,000.0,008.03,00.000,0000.000,0000.00
$NORTEK,01/01/2015,04:50,14.80,1550.80,350.70,21.60,-15.60,0.00,31.55,0.00,ENU,49,120,0.50,20,UP,#1,0.544,-0.138,-0.411,#2,0.106,-0.089,-0.505,#3,-0.516,-0.152,-0.749,#4,-0.266,0.192,-0.506,#5,-0.209,0.291,-0.423,#6,0.270,0.399,-0.077,#7,0.205,-0.145,-0.508,#8,0.400,-0.054,-0.237,#9,-0.098,-0.070,-0.324,#10,0.336,-0.028,-0.353,#11,0.055,0.065,-0.221,#12,0.252,-0.139,-0.299,#13,0.072,-0.143,-0.374,#14,0.614,0.362,-0.214,#15,0.358,0.134,-0.188,#16,-0.253,0.397,-0.214,#17,0.054,0.142,-0.128,#18,0.023,0.264,-0.237,#19,0.173,-0.011,-0.263,#20,0.138,-0.312,-0.477
$GPRMC,000239.106,V,,,,,0.00,0.00,021020,,,N*43
$GPRMC,000950.000,V,,,,,0.00,116.10,021020,,,N*47
$METRECXR,1601597401,100220,001001,2020-10-02,02:10:00,00.000,34.561,0000.22,0000.50,00.21,02.11,000.0,008.03,00.000,0000.000,0000.00
$MSTAT,1601597401,100220,001001,12.0706,0.1556,22.9049,35.5799,3.2147,1.2144,3.3134,15284256
$NORTEK,01/01/2015,04:50,14.80,1550.80,350.70,21.60,-15.60,0.00,31.55,0.00,ENU,49,120,0.50,20,UP,#1,0.544,-0.138,-0.411,#2,0.106,-0.089,-0.505,#3,-0.516,-0.152,-0.749,#4,-0.266,0.192,-0.506,#5,-0.209,0.291,-0.423,#6,0.270,0.399,-0.077,#7,0.205,-0.145,-0.508,#8,0.400,-0.054,-0.237,#9,-0.098,-0.070,-0.324,#10,0.336,-0.028,-0.353,#11,0.055,0.065,-0.221,#12,0.252,-0.139,-0.299,#13,0.072,-0.143,-0.374,#14,0.614,0.362,-0.214,#15,0.358,0.134,-0.188,#16,-0.253,0.397,-0.214,#17,0.054,0.142,-0.128,#18,0.023,0.264,-0.237,#19,0.173,-0.011,-0.263,#20,0.138,-0.312,-0.477
$GPRMC,001238.308,V,,,,,0.00,0.00,021020,,,N*4F
$GPRMC,001948.305,V,,,,,0.00,0.00,021020,,,N*4E
$MSTAT,1601598000,100220,002000,12.0632,0.1744,22.8235,35.5603,3.2145,1.2144,3.3129,15284256
$METRECXR,1601598000,100220,002000,2020-10-02,02:20:00,00.000,34.561,0000.22,0000.50,00.21,02.11,000.0,008.03,00.000,0000.000,0000.00
$NORTEK,01/01/2015,04:50,14.80,1550.80,350.70,21.60,-15.60,0.00,31.55,0.00,ENU,49,120,0.50,20,UP,#1,0.544,-0.138,-0.411,#2,0.106,-0.089,-0.505,#3,-0.516,-0.152,-0.749,#4,-0.266,0.192,-0.506,#5,-0.209,0.291,-0.423,#6,0.270,0.399,-0.077,#7,0.205,-0.145,-0.508,#8,0.400,-0.054,-0.237,#9,-0.098,-0.070,-0.324,#10,0.336,-0.028,-0.353,#11,0.055,0.065,-0.221,#12,0.252,-0.139,-0.299,#13,0.07220-10-02,02:30:01,00.000,34.561,0000.22,0000.50,00.21,02.11,000.0,008.03,00.000,0000.000,0000.00
$NORTEK,01/01/2015,04:50,14.80,1550.80,350.70,21.60,-15.60,0.00,31.55,0.00,ENU,49,120,0.50,20,UP,#1,0.544,-0.138,-0.411,#2,0.106,-0.089,-0.505,#3,-0.516,-0.152,-0.749,#4,-0.266,0.192,-0.506,#5,-0.209,0.291,-0.423,#6,0.270,0.399,-0.077,#7,0.205,-0.145,-0.508,#8,0.400,-0.054,-0.237,#9,-0.098,-0.070,-0.324,#10,0.336,-0.028,-0.353,#11,0.055,0.065,-0.221,#12,0.252,-0.139,-0.299,#13,0.072,-0.143,-0.374,#14,0.614,0.362,-0.214,#15,0.358,0.134,-0.188,#16,-0.253,0.397,-0.214,#17,0.054,0.142,-0.128,#18,0.023,0.264,-0.237,#19,0.173,-0.011,-0.263,#20,0.138,-0.312,-0.477
$GPRMC,003237.097,V,,,,,0.00,0.00,021020,,,N*47
$GPRMC,003600.098,V,,,,,0.00,0.00,021020,,,N*48
$MSTAT,1601599201,100220,004001,12.0628,0.1690,22.7536,34.5375,3.2149,1.2144,3.3129,15284256
$METRECXR,1601599201,100220,004001,2020-10-02,02:40:00,00.000,34.561,0000.22,0000.50,00.21,02.11,000.0,008.03,00.000,0000.000,0000.00
$NORTEK,01/01/2015,04:50,14.80,1550.80,350.70,21.60,-15.60,0.00,31.55,0.00,ENU,49,120,0.50,20,UP,#1,0.544,-0.138,-0.411,#2,0.106,-0.089,-0.505,#3,-0.516,-0.152,-0.749,#4,-0.266,0.192,-0.506,#5,-0.209,0.291,-0.423,#6,0.270,0.399,-0.077,#7,0.205,-0.145,-0.508,#8,0.400,-0.054,-0.237,#9,-0.098,-0.070,-0.324,#10,0.336,-0.028,-0.353,#11,0.055,0.065,-0.221,#12,0.252,-0.139,-0.299,#13,0.072,-0.143,-0.374,#14,0.614,0.362,-0.214,#15,0.358,0.134,-0.188,#16,-0.253,0.397,-0.214,#17,0.054,0.142,-0.128,#18,0.023,0.264,-0.237,#19,0.173,-0.011,-0.263,#20,0.138,-0.312,-0.477
$GPRMC,004238.098,V,,,,,0.00,0.00,021020,,,N*40
$MSTAT,1601599800,100220,005000,12.0635,0.1749,22.7090,40.5342,3.2152,1.2144,3.3161,15284256
$METRECXR,1601599801,100220,005001,2020-10-02,02:50:00,00.000,34.561,0000.22,0000.50,00.21,02.11,000.0,008.03,00.000,0000.000,0000.00
$NORTEK,01/01/2015,04:50,14.80,1550.80,350.70,21.60,-15.60,0.00,31.55,0.00,ENU,49,120,0.50,20,UP,#1,0.544,-0.138,-0.411,#2,0.106,-0.089,-0.505,#3,-0.516,-0.152,-0.749,#4,-0.266,0.192,-0.506,#5,-0.209,0.291,-0.423,#6,0.270,0.399,-0.077,#7,0.205,-0.145,-0.508,#8,0.400,-0.054,-0.237,#9,-0.098,-0.070,-0.324,#10,0.336,-0.028,-0.353,#11,0.055,0.065,-0.221,#12,0.252,-0.139,-0.299,#13,0.072,-0.143,-0.374,#14,0.614,0.362,-0.214,#15,0.358,0.134,-0.188,#16,-0.253,0.397,-0.214,#17,0.054,0.142,-0.128,#18,0.023,0.264,-0.237,#19,0.173,-0.011,-0.263,#20,0.138,-0.312,-0.477
$GPRMC,005234.000,A,4539.2081,N,01348.3039,E,0.32,0.00,021020,,,A*69
$GPRMC,005423.000,A,4539.2042,N,01348.3092,E,0.20,0.00,021020,,,A*64,02.11,000.0,008.03,00.000,0000.000,0000.00
$MSTAT,1601600399,100220,005959,12.0620,0.1786,22.7855,40.2690,3.2145,1.2144,3.3159,15284256
$METRECXR,1601600400,100220,010000,2020-10-02,03:00:00,00.000,34.561,0000.22,0000.50,00.21,02.11,000.0,008.03,00.000,0000.000,0000.00
$MSTAT,1601600401,100220,010001,12.0424,0.2094,22.7878,40.1843,3.2148,1.2144,3.3152,15284256
$NORTEK,01/01/2015,04:50,14.80,1550.80,350.70,21.60,-15.60,0.00,31.55,0.00,ENU,49,120,0.50,20,UP,#1,0.544,-0.138,-0.411,#2,0.106,-0.089,-0.505,#3,-0.516,-0.152,-0.749,#4,-0.266,0.192,-0.506,#5,-0.209,0.291,-0.423,#6,0.270,0.399,-0.077,#7,0.205,-0.145,-0.508,#8,0.400,-0.054,-0.237,#9,-0.098,-0.070,-0.324,#10,0.336,-0.028,-0.353,#11,0.055,0.065,-0.221,#12,0.252,-0.139,-0.299,#13,0.072,-0.143,-0.374,#14,0.614,0.362,-0.214,#15,0.358,0.134,-0.188,#16,-0.253,0.397,-0.214,#17,0.054,0.142,-0.128,#18,0.023,0.264,-0.237,#19,0.173,-0.011,-0.263,#20,0.138,-0.312,-0.477
$GPRMC,010234.000,A,4539.2065,N,01348.3128,E,0.04,0.00,021020,,,A*63
$GPRMC,010950.091,V,,,,,0.00,0.00,021020,,,N*49
$MSTAT,1601601000,100220,011000,12.0649,0.1766,22.8370,35.9017,3.2146,1.2144,3.3131,15284256
$METRECXR,1601601000,100220,011000,2020-10-02,03:10:00,00.000,34.561,0000.22,0000.50,00.21,02.11,000.0,008.03,00.000,0000.000,0000.00
$NORTEK,01/01/2015,04:50,14.80,1550.80,350.70,21.60,-15.60,0.00,31.55,0.00,ENU,49,120,0.50,20,UP,#1,0.544,-0.138,-0.411,#2,0.106,-0.089,-0.505,#3,-0.516,-0.152,-0.749,#4,-0.266,0.192,-0.506,#5,-0.209,0.291,-0.423,#6,0.270,0.399,-0.077,#7,0.205,-0.145,-0.508,#8,0.400,-0.054,-0.237,#9,-0.098,-0.070,-0.324,#10,0.336,-0.028,-0.353,#11,0.055,0.065,-0.221,#12,0.252,-0.139,-0.299,#13,0.072,-0.143,-0.374,#14,0.614,0.362,-0.214,#15,0.358,0.134,-0.188,#16,-0.253,0.397,-0.214,#17,0.054,0.142,-0.128,#18,0.023,0.264,-0.237,#19,0.173,-0.011,-0.263,#20,0.138,-0.312,-0.477
$GPRMC,011224.202,A,4539.1966,N,01348.3062,E,0.05,0.00,021020,,,A*64
$GPRMC,011949.086,V,,,,,0.00,0.00,021020,,,N*46
$MSTAT,1601601600,100220,012000,12.0640,0.1750,22.8557,36.0146,3.2146,1.2144,3.3131,15284256
$METRECXR,1601601601,100220,012001,2020-10-02,03:20:01,00.000,34.561,0000.22,0000.50,00.21,02.11,000.0,008.03,00.000,0000.000,0000.00
$NORTEK,01/01/2015,04:50,14.80,1550.80,350.70,21.60,-15.60,0.00,31.55,0.00,ENU,49,120,0.50,20,UP,#1,0.544,-0.138,-0.411,#2,0.106,-0.089,-0.505,#3,-0.516,-0.152,-0.749,#4,-0.266,0.192,-0.506,#5,-0.209,0.291,-0.423,#6,0.270,0.399,-0.077,#7,0.205,-0.145,-0.508,#8,0.400,-0.054,-0.237,#9,-0.098,-0.070,-0.324,#10,0.336,-0.028,-0.353,#11,0.055,0.065,-0.221,#12,0.252,-0.139,-0.299,#13,0.07220-10-02,03:30:00,00.000,34.561,0000.22,0000.50,00.21,02.11,000.0,008.03,00.000,0000.000,0000.00
$NORTEK,01/01/2015,04:50,14.80,1550.80,350.70,21.60,-15.60,0.00,31.55,0.00,ENU,49,120,0.50,20,UP,#1,0.544,-0.138,-0.411,#2,0.106,-0.089,-0.505,#3,-0.516,-0.152,-0.749,#4,-0.266,0.192,-0.506,#5,-0.209,0.291,-0.423,#6,0.270,0.399,-0.077,#7,0.205,-0.145,-0.508,#8,0.400,-0.054,-0.237,#9,-0.098,-0.070,-0.324,#10,0.336,-0.028,-0.353,#11,0.055,0.065,-0.221,#12,0.252,-0.139,-0.299,#13,0.072,-0.143,-0.374,#14,0.614,0.362,-0.214,#15,0.358,0.134,-0.188,#16,-0.253,0.397,-0.214,#17,0.054,0.142,-0.128,#18,0.023,0.264,-0.237,#19,0.173,-0.011,-0.263,#20,0.138,-0.312,-0.477
$GPRMC,013239.103,V,,,,,0.00,0.00,021020,,,N*44
$GPRMC,013559.303,V,,,,,0.17,283.97,021020,,,N*46
$MSTAT,1601602800,100220,014000,12.0618,0.1833,22.5991,34.5931,3.2148,1.2144,3.3129,15284192
$METRECXR,1601602800,100220,014000,2020-10-02,03:40:00,00.000,34.561,0000.22,0000.50,00.21,02.11,000.0,008.03,00.000,0000.000,0000.00
$NORTEK,01/01/2015,04:50,14.80,1550.80,350.70,21.60,-15.60,0.00,31.55,0.00,ENU,49,120,0.50,20,UP,#1,0.544,-0.138,-0.411,#2,0.106,-0.089,-0.505,#3,-0.516,-0.152,-0.749,#4,-0.266,0.192,-0.506,#5,-0.209,0.291,-0.423,#6,0.270,0.399,-0.077,#7,0.205,-0.145,-0.508,#8,0.400,-0.054,-0.237,#9,-0.098,-0.070,-0.324,#10,0.336,-0.028,-0.353,#11,0.055,0.065,-0.221,#12,0.252,-0.139,-0.299,#13,0.072,-0.143,-0.374,#14,0.614,0.362,-0.214,#15,0.358,0.134,-0.188,#16,-0.253,0.397,-0.214,#17,0.054,0.142,-0.128,#18,0.023,0.264,-0.237,#19,0.173,-0.011,-0.263,#20,0.138,-0.312,-0.477
$GPRMC,014238.000,V,,,,,0.82,187.76,021020,,,N*45
$METRECXR,1601603400,100220,015000,2020-10-02,03:50:00,00.000,34.561,0000.22,0000.50,00.21,02.11,000.0,008.03,00.000,0000.000,0000.00
$MSTAT,1601603400,100220,015000,12.0628,0.1709,22.4915,34.8094,3.2148,1.2144,3.3132,15284192
$NORTEK,01/01/2015,04:50,14.80,1550.80,350.70,21.60,-15.60,0.00,31.55,0.00,ENU,49,120,0.50,20,UP,#1,0.544,-0.138,-0.411,#2,0.106,-0.089,-0.505,#3,-0.516,-0.152,-0.749,#4,-0.266,0.192,-0.506,#5,-0.209,0.291,-0.423,#6,0.270,0.399,-0.077,#7,0.205,-0.145,-0.508,#8,0.400,-0.054,-0.237,#9,-0.098,-0.070,-0.324,#10,0.336,-0.028,-0.353,#11,0.055,0.065,-0.221,#12,0.252,-0.139,-0.299,#13,0.072,-0.143,-0.374,#14,0.614,0.362,-0.214,#15,0.358,0.134,-0.188,#16,-0.253,0.397,-0.214,#17,0.054,0.142,-0.128,#18,0.023,0.264,-0.237,#19,0.173,-0.011,-0.263,#20,0.138,-0.312,-0.477
$GPRMC,015130.211,A,4539.1975,N,01348.3150,E,0.07,0.00,021020,,,A*64
$GPRMC,015132.824,A,4539.2184,N,01348.3112,E,0.09,0.00,021020,,,A*6792
$METRECXR,1601603999,100220,015959,2020-10-02,04:00:00,00.000,34.561,0000.22,0000.50,00.21,02.11,000.0,008.03,00.000,0000.000,0000.00
$MSTAT,1601604000,100220,020000,12.0134,0.2540,22.6888,35.7788,3.2145,1.2144,3.3130,15284192
$METRECXR,1601604000,100220,020000,2020-10-02,04:00:01,00.000,34.561,0000.22,0000.50,00.21,02.11,000.0,008.03,00.000,0000.000,0000.00
$NORTEK,01/01/2015,04:50,14.80,1550.80,350.70,21.60,-15.60,0.00,31.55,0.00,ENU,49,120,0.50,20,UP,#1,0.544,-0.138,-0.411,#2,0.106,-0.089,-0.505,#3,-0.516,-0.152,-0.749,#4,-0.266,0.192,-0.506,#5,-0.209,0.291,-0.423,#6,0.270,0.399,-0.077,#7,0.205,-0.145,-0.508,#8,0.400,-0.054,-0.237,#9,-0.098,-0.070,-0.324,#10,0.336,-0.028,-0.353,#11,0.055,0.065,-0.221,#12,0.252,-0.139,-0.299,#13,0.072,-0.143,-0.374,#14,0.614,0.362,-0.214,#15,0.358,0.134,-0.188,#16,-0.253,0.397,-0.214,#17,0.054,0.142,-0.128,#18,0.023,0.264,-0.237,#19,0.173,-0.011,-0.263,#20,0.138,-0.312,-0.477
$GPRMC,020238.000,V,,,,,0.00,104..3078,E,0.14,0.00,021020,,,A*6D
$GPRMC,021920.096,V,,,,,0.00,0.00,021020,,,N*4B
$MSTAT,1601605200,100220,022000,12.0612,0.1798,22.7234,35.7018,3.2144,1.2144,3.3129,15284192
$METRECXR,1601605201,100220,022001,2020-10-02,04:20:01,00.000,34.561,0000.22,0000.50,00.21,02.11,000.0,008.03,00.000,0000.000,0000.00
$NORTEK,01/01/2015,04:50,14.80,1550.80,350.70,21.60,-15.60,0.00,31.55,0.00,ENU,49,120,0.50,20,UP,#1,0.544,-0.138,-0.411,#2,0.106,-0.089,-0.505,#3,-0.516,-0.152,-0.749,#4,-0.266,0.192,-0.506,#5,-0.209,0.291,-0.423,#6,0.270,0.399,-0.077,#7,0.205,-0.145,-0.508,#8,0.400,-0.054,-0.237,#9,-0.098,-0.070,-0.324,#10,0.336,-0.028,-0.353,#11,0.055,0.065,-0.221,#12,0.252,-0.139,-0.299,#13,0.070-10-02,04:30:00,00.000,34.561,0000.22,0000.50,00.21,02.11,000.0,008.03,00.000,0000.000,0000.00
$NORTEK,01/01/2015,04:50,14.80,1550.80,350.70,21.60,-15.60,0.00,31.55,0.00,ENU,49,120,0.50,20,UP,#1,0.544,-0.138,-0.411,#2,0.106,-0.089,-0.505,#3,-0.516,-0.152,-0.749,#4,-0.266,0.192,-0.506,#5,-0.209,0.291,-0.423,#6,0.270,0.399,-0.077,#7,0.205,-0.145,-0.508,#8,0.400,-0.054,-0.237,#9,-0.098,-0.070,-0.324,#10,0.336,-0.028,-0.353,#11,0.055,0.065,-0.221,#12,0.252,-0.139,-0.299,#13,0.072,-0.143,-0.374,#14,0.614,0.362,-0.214,#15,0.358,0.134,-0.188,#16,-0.253,0.397,-0.214,#17,0.054,0.142,-0.128,#18,0.023,0.264,-0.237,#19,0.173,-0.011,-0.263,#20,0.138,-0.312,-0.477
$GPRMC,023238.308,V,,,,,0.00,0.00,021020,,,N*4F
$GPRMC,023601.092,V,,,,,0.00,0.00,021020,,,N*41
$MSTAT,1601606401,100220,024001,12.0653,0.1722,22.5622,40.1828,3.2149,1.2144,3.3158,15284192
$METRECXR,1601606401,100220,024001,2020-10-02,04:40:01,00.000,34.561,0000.22,0000.50,00.21,02.11,000.0,008.03,00.000,0000.000,0000.00
$NORTEK,01/01/2015,04:50,14.80,1550.80,350.70,21.60,-15.60,0.00,31.55,0.00,ENU,49,120,0.50,20,UP,#1,0.544,-0.138,-0.411,#2,0.106,-0.089,-0.505,#3,-0.516,-0.152,-0.749,#4,-0.266,0.192,-0.506,#5,-0.209,0.291,-0.423,#6,0.270,0.399,-0.077,#7,0.205,-0.145,-0.508,#8,0.400,-0.054,-0.237,#9,-0.098,-0.070,-0.324,#10,0.336,-0.028,-0.353,#11,0.055,0.065,-0.221,#12,0.252,-0.139,-0.299,#13,0.072,-0.143,-0.374,#14,0.614,0.362,-0.214,#15,0.358,0.134,-0.188,#16,-0.253,0.397,-0.214,#17,0.054,0.142,-0.128,#18,0.023,0.264,-0.237,#19,0.173,-0.011,-0.263,#20,0.138,-0.312,-0.477
$GPRMC,024238.000,V,,,,,0.00,226.89,021020,,,N*44
$MSTAT,1601607001,100220,025001,12.0631,0.1801,22.5361,34.8648,3.2154,1.2144,3.3131,15284192
$METRECXR,1601607001,100220,025001,2020-10-02,04:50:01,00.000,34.561,0000.22,0000.50,00.21,02.11,000.0,008.03,00.000,0000.000,0000.00
$NORTEK,01/01/2015,04:50,14.80,1550.80,350.70,21.60,-15.60,0.00,31.55,0.00,ENU,49,120,0.50,20,UP,#1,0.544,-0.138,-0.411,#2,0.106,-0.089,-0.505,#3,-0.516,-0.152,-0.749,#4,-0.266,0.192,-0.506,#5,-0.209,0.291,-0.423,#6,0.270,0.399,-0.077,#7,0.205,-0.145,-0.508,#8,0.400,-0.054,-0.237,#9,-0.098,-0.070,-0.324,#10,0.336,-0.028,-0.353,#11,0.055,0.065,-0.221,#12,0.252,-0.139,-0.299,#13,0.072,-0.143,-0.374,#14,0.614,0.362,-0.214,#15,0.358,0.134,-0.188,#16,-0.253,0.397,-0.214,#17,0.054,0.142,-0.128,#18,0.023,0.264,-0.237,#19,0.173,-0.011,-0.263,#20,0.138,-0.312,-0.477
$GPRMC,025154.217,A,4539.2052,N,01348.3082,E,0.33,0.00,021020,,,A*65
$GPRMC,025207.881,A,4539.1723,N,01348.3555,E,1.68,108.44,021020,,,A*6E4192
$METRECXR,1601607599,100220,025959,2020-10-02,05:00:00,00.000,34.561,0000.22,0000.50,00.21,02.11,000.0,008.03,00.000,0000.000,0000.00
$NORTEK,01/01/2015,04:50,14.80,1550.80,350.70,21.60,-15.60,0.00,31.55,0.00,ENU,49,120,0.50,20,UP,#1,0.544,-0.138,-0.411,#2,0.106,-0.089,-0.505,#3,-0.516,-0.152,-0.749,#4,-0.266,0.192,-0.506,#5,-0.209,0.291,-0.423,#6,0.270,0.399,-0.077,#7,0.205,-0.145,-0.508,#8,0.400,-0.054,-0.237,#9,-0.098,-0.070,-0.324,#10,0.336,-0.028,-0.353,#11,0.055,0.065,-0.221,#12,0.252,-0.139,-0.299,#13,0.072,-0.143,-0.374,#14,0.614,0.362,-0.214,#15,0.358,0.134,-0.188,#16,-0.253,0.397,-0.214,#17,0.054,0.142,-0.128,#18,0.023,0.264,-0.237,#19,0.173,-0.011,-0.263,#20,0.138,-0.312,-0.477
$MSTAT,1601607601,100220,030001,12.0581,0.1816,22.6391,38.8575,3.2146,1.2144,3.3156,15284192
$METRECXR,1601607601,100220,030001,2020-10-02,05:00:02,00.000,34.561,0000.22,0000.50,00.21,02.11,000.0,008.03,00.000,0000.000,0000.00
$GPRMC,030304.305,V,,,,,0.00,0.00,021020,,,N*4E
$GPRMC,030516.000,V,,,,,0.00,0.00,021020,,,N*4D
$GPRMC,030950.000,V,,,,,0.00,68.63,021020,,,N*78
$MSTAT,1601608200,100220,031000,12.0614,0.1844,22.6477,35.4729,3.2151,1.2144,3.3132,15284256
$NORTEK,01/01/2015,04:50,14.80,1550.80,350.70,21.60,-15.60,0.00,31.55,0.00,ENU,49,120,0.50,20,UP,#1,0.544,-0.138,-0.411,#2,0.106,-0.089,-0.505,#3,-0.516,-0.152,-0.749,#4,-0.266,0.192,-0.506,#5,-0.209,0.291,-0.423,#6,0.270,0.399,-0.077,#7,0.205,-0.145,-0.508,#8,0.400,-0.054,-0.237,#9,-0.098,-0.070,-0.324,#10,0.336,-0.028,-0.353,#11,0.055,0.065,-0.221,#12,0.252,-0.139,-0.299,#13,0.072,-0.143,-0.374,#14,0.614,0.362,-0.214,#15,0.358,0.134,-0.188,#16,-0.253,0.397,-0.214,#17,0.054,0.142,-0.128,#18,0.023,0.264,-0.237,#19,0.173,-0.011,-0.263,#20,0.138,-0.312,-0.477
$METRECXR,1601608201,100220,031001,2020-10-02,05:10:02,00.000,34.561,0000.22,0000.50,00.21,02.11,000.0,008.03,00.000,0000.000,0000.00
$GPRMC,031239.000,V,,,,,0.00,235.23,021020,,,N*43
$GPRMC,031950.308,V,,,,,0.00,0.00,021020,,,N*49
$MSTAT,1601608801,100220,032001,12.0639,0.1734,22.5692,35.4956,3.2152,1.2144,3.3136,15284192
$NORTEK,01/01/2015,04:50,14.80,1550.80,350.70,21.60,-15.60,0.00,31.55,0.00,ENU,49,120,0.50,20,UP,#1,0.544,-0.138,-0.411,#2,0.106,-0.089,-0.505,#3,-0.516,-0.152,-0.749,#4,-0.266,0.192,-0.506,#5,-0.209,0.291,-0.423,#6,0.270,0.399,-0.077,#7,0.205,-0.145,-0.508,#8,0.400,-0.054,-0.237,#9,-0.098,-0.070,-0.324,#10,0.336,-0.028,-0.353,#11,0.055,0.065,-0.221,#12,0.252,-0.139,-0.299,#13,0.072,-0.143,-0.374,#14,0.614,0.362,-0.214,#15,0.358,0.134,-0.188,#16,-0.253,0.397,-0.214,#17,0.054,0.142,-0.128,#18,0.023,0.264,-0.237,#190-10-02,05:30:01,00.000,34.561,0000.22,0000.50,00.21,02.11,000.0,008.03,00.000,0000.000,0000.00
$NORTEK,01/01/2015,04:50,14.80,1550.80,350.70,21.60,-15.60,0.00,31.55,0.00,ENU,49,120,0.50,20,UP,#1,0.544,-0.138,-0.411,#2,0.106,-0.089,-0.505,#3,-0.516,-0.152,-0.749,#4,-0.266,0.192,-0.506,#5,-0.209,0.291,-0.423,#6,0.270,0.399,-0.077,#7,0.205,-0.145,-0.508,#8,0.400,-0.054,-0.237,#9,-0.098,-0.070,-0.324,#10,0.336,-0.028,-0.353,#11,0.055,0.065,-0.221,#12,0.252,-0.139,-0.299,#13,0.072,-0.143,-0.374,#14,0.614,0.362,-0.214,#15,0.358,0.134,-0.188,#16,-0.253,0.397,-0.214,#17,0.054,0.142,-0.128,#18,0.023,0.264,-0.237,#19,0.173,-0.011,-0.263,#20,0.138,-0.312,-0.477
$GPRMC,033239.000,V,,,,,0.24,0.00,021020,,,N*42
$GPRMC,033601.092,V,,,,,0.22,0.00,021020,,,N*40
$METRECXR,1601610000,100220,034000,2020-10-02,05:40:01,00.000,34.561,0000.22,0000.50,00.21,02.11,000.0,008.03,00.000,0000.000,0000.00
$MSTAT,1601610001,100220,034001,12.0671,0.1688,22.4299,34.4725,3.2149,1.2144,3.3127,15284192
$NORTEK,01/01/2015,04:50,14.80,1550.80,350.70,21.60,-15.60,0.00,31.55,0.00,ENU,49,120,0.50,20,UP,#1,0.544,-0.138,-0.411,#2,0.106,-0.089,-0.505,#3,-0.516,-0.152,-0.749,#4,-0.266,0.192,-0.506,#5,-0.209,0.291,-0.423,#6,0.270,0.399,-0.077,#7,0.205,-0.145,-0.508,#8,0.400,-0.054,-0.237,#9,-0.098,-0.070,-0.324,#10,0.336,-0.028,-0.353,#11,0.055,0.065,-0.221,#12,0.252,-0.139,-0.299,#13,0.072,-0.143,-0.374,#14,0.614,0.362,-0.214,#15,0.358,0.134,-0.188,#16,-0.253,0.397,-0.214,#17,0.054,0.142,-0.128,#18,0.023,0.264,-0.237,#19,0.173,-0.011,-0.263,#20,0.138,-0.312,-0.477
$GPRMC,034204.000,A,4539.2074,N,01348.3174,E,0.10,165.77,021020,,,A*68
$MSTAT,1601610601,100220,035001,12.0626,0.1728,22.5490,35.0549,3.2148,1.2144,3.3134,15284192
$METRECXR,1601610601,100220,035001,2020-10-02,05:50:01,00.000,34.561,0000.22,0000.50,00.21,02.11,000.0,008.03,00.000,0000.000,0000.00
$NORTEK,01/01/2015,04:50,14.80,1550.80,350.70,21.60,-15.60,0.00,31.55,0.00,ENU,49,120,0.50,20,UP,#1,0.544,-0.138,-0.411,#2,0.106,-0.089,-0.505,#3,-0.516,-0.152,-0.749,#4,-0.266,0.192,-0.506,#5,-0.209,0.291,-0.423,#6,0.270,0.399,-0.077,#7,0.205,-0.145,-0.508,#8,0.400,-0.054,-0.237,#9,-0.098,-0.070,-0.324,#10,0.336,-0.028,-0.353,#11,0.055,0.065,-0.221,#12,0.252,-0.139,-0.299,#13,0.072,-0.143,-0.374,#14,0.614,0.362,-0.214,#15,0.358,0.134,-0.188,#16,-0.253,0.397,-0.214,#17,0.054,0.142,-0.128,#18,0.023,0.264,-0.237,#19,0.173,-0.011,-0.263,#20,0.138,-0.312,-0.477
$GPRMC,035200.208,A,4539.2142,N,01348.3215,E,0.04,0.00,021020,,,A*60
$GPRMC,035213.875,A,4539.2044,N,01348.3290,E,1.65,248.21,021020,,,A*634192
$METRECXR,1601611200,100220,040000,2020-10-02,06:00:01,00.000,34.561,0000.22,0000.50,00.21,02.11,000.0,008.03,00.000,0000.000,0000.00
$NORTEK,01/01/2015,04:50,14.80,1550.80,350.70,21.60,-15.60,0.00,31.55,0.00,ENU,49,120,0.50,20,UP,#1,0.544,-0.138,-0.411,#2,0.106,-0.089,-0.505,#3,-0.516,-0.152,-0.749,#4,-0.266,0.192,-0.506,#5,-0.209,0.291,-0.423,#6,0.270,0.399,-0.077,#7,0.205,-0.145,-0.508,#8,0.400,-0.054,-0.237,#9,-0.098,-0.070,-0.324,#10,0.336,-0.028,-0.353,#11,0.055,0.065,-0.221,#12,0.252,-0.139,-0.299,#13,0.072,-0.143,-0.374,#14,0.614,0.362,-0.214,#15,0.358,0.134,-0.188,#16,-0.253,0.397,-0.214,#17,0.054,0.142,-0.128,#18,0.023,0.264,-0.237,#19,0.173,-0.011,-0.263,#20,0.138,-0.312,-0.477
$MSTAT,1601611201,100220,040001,12.0599,0.1776,22.6161,40.5471,3.2149,1.2144,3.3160,15284192
$METRECXR,1601611201,100220,040001,2020-10-02,06:00:02,00.000,34.561,0000.22,0000.50,00.21,02.11,000.0,008.03,00.000,0000.000,0000.00
$GPRMC,040142.000,A,4539.2023,N,01348.2934,E,0.28,101.83,021020,,,A*67
$GPRMC,040828.000,A,4539.2021,N,01348.3092,E,0.16,0.00,021020,,,A*62
$NORTEK,03/00/2036,ff:66,13.80,-13.80,-8.90,-15.20,19.20,2294.16,-1.45,0.00,ENU,49,120,0.50,20,DOWN,#1,-0.054,-0.237,5.654,#2,-0.070,-0.324,5.654,#3,-0.028,-0.353,5.654,#4,0.065,-0.221,5.655,#5,-0.139,-0.299,5.654,#6,-0.143,-0.374,5.654,#7,0.362,-0.214,5.654,#8,0.134,-0.188,5.654,#9,0.397,-0.214,5.654,#10,0.142,-0.128,5.654,#11,0.264,-0.237,5.654,#12,-0.011,-0.263,5.654,#13,-0.312,-0.477,5.654,#14,-0.411,5.911,5.912,#15,-0.505,5.654,5.912,#16,-0.749,5.654,5.655,#17,-0.506,5.654,5.654,#18,-0.423,5.654,5.655,#19,-0.077,5.654,5.654,#20,-0.508,5.654,5.654
$METRECXR,1601611802,100220,041002,2020-10-02,06:10:02,00.000,34.561,0000.22,0000.50,00.21,02.11,000.0,008.03,00.000,0000.000,0000.00
$MSTAT,1601611802,100220,041002,12.0716,0.1614,22.7208,40.3850,3.2149,1.2144,3.3165,15284192
$GPRMC,041106.000,A,4539.2053,N,01348.3205,E,1.03,251.94,021020,,,A*61
$GPRMC,041817.000,A,4539.1933,N,01348.2505,E,2.71,248.70,021020,,,A*66
$MSTAT,1601612401,100220,042001,12.0652,0.1719,22.7127,40.4816,3.2147,1.2144,3.3161,15284192
$METRECXR,1601612401,100220,042001,2020-10-02,06:20:01,00.000,34.561,0000.22,0000.50,00.21,02.11,000.0,008.03,00.000,0000.000,0000.00
$NORTEK,01/01/2015,04:50,14.80,1550.80,350.70,21.60,-15.60,0.00,31.55,0.00,ENU,49,120,0.50,20,UP,#1,0.544,-0.138,-0.411,#2,0.106,-0.089,-0.505,#3,-0.516,-0.152,-0.749,#4,-0.266,0.192,-0.506,#5,-0.209,0.291,-0.423,#6,0.270,0.399,-0.077,#7,0.205,-0.145,-0.508,#8,0.400,-0.054,-0.237,#9,-0.098,-0.070,-0.324,#10,0.336,-0.028,-0.353,#11,0.055,0.065,-0.221,#12,0.252,-0.139,-0.299,#13,0.072,-0.143,-0.374,#14,04192
$METRECXR,1601613001,100220,043001,2020-10-02,06:30:01,00.000,34.561,0000.22,0000.50,00.21,02.11,000.0,008.03,00.000,0000.000,0000.00
$NORTEK,01/01/2015,04:50,14.80,1550.80,350.70,21.60,-15.60,0.00,31.55,0.00,ENU,49,120,0.50,20,UP,#1,0.544,-0.138,-0.411,#2,0.106,-0.089,-0.505,#3,-0.516,-0.152,-0.749,#4,-0.266,0.192,-0.506,#5,-0.209,0.291,-0.423,#6,0.270,0.399,-0.077,#7,0.205,-0.145,-0.508,#8,0.400,-0.054,-0.237,#9,-0.098,-0.070,-0.324,#10,0.336,-0.028,-0.353,#11,0.055,0.065,-0.221,#12,0.252,-0.139,-0.299,#13,0.072,-0.143,-0.374,#14,0.614,0.362,-0.214,#15,0.358,0.134,-0.188,#16,-0.253,0.397,-0.214,#17,0.054,0.142,-0.128,#18,0.023,0.264,-0.237,#19,0.173,-0.011,-0.263,#20,0.138,-0.312,-0.477
$GPRMC,043239.306,V,,,,,0.00,0.00,021020,,,N*46
$GPRMC,043601.092,V,,,,,0.00,0.00,021020,,,N*47
$MSTAT,1601613600,100220,044000,12.0659,0.1804,22.5188,34.5799,3.2150,1.2144,3.3127,15284192
$METRECXR,1601613601,100220,044001,2020-10-02,06:40:01,00.000,34.561,0000.22,0000.50,00.21,02.11,000.0,008.03,00.000,0000.000,0000.00
$NORTEK,01/01/2015,04:50,14.80,1550.80,350.70,21.60,-15.60,0.00,31.55,0.00,ENU,49,120,0.50,20,UP,#1,0.544,-0.138,-0.411,#2,0.106,-0.089,-0.505,#3,-0.516,-0.152,-0.749,#4,-0.266,0.192,-0.506,#5,-0.209,0.291,-0.423,#6,0.270,0.399,-0.077,#7,0.205,-0.145,-0.508,#8,0.400,-0.054,-0.237,#9,-0.098,-0.070,-0.324,#10,0.336,-0.028,-0.353,#11,0.055,0.065,-0.221,#12,0.252,-0.139,-0.299,#13,0.072,-0.143,-0.374,#14,0.614,0.362,-0.214,#15,0.358,0.134,-0.188,#16,-0.253,0.397,-0.214,#17,0.054,0.142,-0.128,#18,0.023,0.264,-0.237,#19,0.173,-0.011,-0.263,#20,0.138,-0.312,-0.477
$GPRMC,044238.094,V,,,,,0.00,0.00,021020,,,N*48
$MSTAT,1601614201,100220,045001,12.0601,0.1744,22.4138,34.6558,3.2149,1.2144,3.3129,15284192
$METRECXR,1601614201,100220,045001,2020-10-02,06:50:01,00.000,34.561,0000.22,0000.50,00.21,02.11,000.0,008.03,00.000,0000.000,0000.00
$NORTEK,01/01/2015,04:50,14.80,1550.80,350.70,21.60,-15.60,0.00,31.55,0.00,ENU,49,120,0.50,20,UP,#1,0.544,-0.138,-0.411,#2,0.106,-0.089,-0.505,#3,-0.516,-0.152,-0.749,#4,-0.266,0.192,-0.506,#5,-0.209,0.291,-0.423,#6,0.270,0.399,-0.077,#7,0.205,-0.145,-0.508,#8,0.400,-0.054,-0.237,#9,-0.098,-0.070,-0.324,#10,0.336,-0.028,-0.353,#11,0.055,0.065,-0.221,#12,0.252,-0.139,-0.299,#13,0.072,-0.143,-0.374,#14,0.614,0.362,-0.214,#15,0.358,0.020-10-02,07:00:00,00.000,34.561,0000.22,0000.50,00.21,02.11,000.0,008.03,00.000,0000.000,0000.00
$NORTEK,01/01/2015,04:50,14.80,1550.80,350.70,21.60,-15.60,0.00,31.55,0.00,ENU,49,120,0.50,20,UP,#1,0.544,-0.138,-0.411,#2,0.106,-0.089,-0.505,#3,-0.516,-0.152,-0.749,#4,-0.266,0.192,-0.506,#5,-0.209,0.291,-0.423,#6,0.270,0.399,-0.077,#7,0.205,-0.145,-0.508,#8,0.400,-0.054,-0.237,#9,-0.098,-0.070,-0.324,#10,0.336,-0.028,-0.353,#11,0.055,0.065,-0.221,#12,0.252,-0.139,-0.299,#13,0.072,-0.143,-0.374,#14,0.614,0.362,-0.214,#15,0.358,0.134,-0.188,#16,-0.253,0.397,-0.214,#17,0.054,0.142,-0.128,#18,0.023,0.264,-0.237,#19,0.173,-0.011,-0.263,#20,0.138,-0.312,-0.477
$GPRMC,050204.000,A,4539.2010,N,01348.3205,E,0.56,0.00,021020,,,A*6D
$GPRMC,050948.090,V,,,,,0.00,0.00,021020,,,N*45
$MSTAT,1601615400,100220,051000,12.0630,0.1758,22.5743,35.4548,3.2149,1.2144,3.3127,15284192
$METRECXR,1601615400,100220,051000,2020-10-02,07:10:01,00.000,34.561,0000.22,0000.50,00.21,02.11,000.0,008.03,00.000,0000.000,0000.00
$NORTEK,01/01/2015,04:50,14.80,1550.80,350.70,21.60,-15.60,0.00,31.55,0.00,ENU,49,120,0.50,20,UP,#1,0.544,-0.138,-0.411,#2,0.106,-0.089,-0.505,#3,-0.516,-0.152,-0.749,#4,-0.266,0.192,-0.506,#5,-0.209,0.291,-0.423,#6,0.270,0.399,-0.077,#7,0.205,-0.145,-0.508,#8,0.400,-0.054,-0.237,#9,-0.098,-0.070,-0.324,#10,0.336,-0.028,-0.353,#11,0.055,0.065,-0.221,#12,0.252,-0.139,-0.299,#13,0.072,-0.143,-0.374,#14,0.614,0.362,-0.214,#15,0.358,0.134,-0.188,#16,-0.253,0.397,-0.214,#17,0.054,0.142,-0.128,#18,0.023,0.264,-0.237,#19,0.173,-0.011,-0.263,#20,0.138,-0.312,-0.477
$GPRMC,051130.210,A,4539.1921,N,01348.3139,E,0.21,199.55,021020,,,A*6E
$GPRMC,051818.000,A,4539.1946,N,01348.2724,E,0.47,234.91,021020,,,A*68
$METRECXR,1601616000,100220,052000,2020-10-02,07:20:00,00.000,34.561,0000.22,0000.50,00.21,02.11,000.0,008.03,00.000,0000.000,0000.00
$MSTAT,1601616000,100220,052000,12.0684,0.1597,22.6419,40.0050,3.2148,1.2144,3.3158,15284192
$NORTEK,01/01/2015,04:50,14.80,1550.80,350.70,21.60,-15.60,0.00,31.55,0.00,ENU,49,120,0.50,20,UP,#1,0.544,-0.138,-0.411,#2,0.106,-0.089,-0.505,#3,-0.516,-0.152,-0.749,#4,-0.266,0.192,-0.506,#5,-0.209,0.291,-0.423,#6,0.270,0.399,-0.077,#7,0.205,-0.145,-0.508,#8,0.400,-0.054,-0.237,#9,-0.098,-0.070,-0.324,#10,0.336,-0.028,-0.353,#11,0.055,0.065,-0.221,#12,0.252,-0.139,-0.299,#13,0.072,-0.143,-0.374,#14,0.614,0.362,-0.214,#15,0.358,0.134,-0.188,#16,-0.253,0.397,-0.214,#17,0.054,0.142,-0.128,#18,0.023,0.264,-0.237,#19,0.173,-0.011,-0.263,#20,0.138,-0.312,-0.477
$GPRMC,052133.000,A,4539.1973,N,01348.3372,E,0.13,0.00,021020,,,A*67
$MSTAT,1601616600,100220,053000,12.0653,0.1787,22.6745,40.8232,3.2149,1.2144,3.3161,15284192
$METRECXR,1601616601,100220,053001,2020-10-02,07:30:01,00.000,34.561,0000.22,0000.50,00.21,02.11,000.0,008.03,00.000,0000.000,0000.00
$NORTEK,01/01/2015,04:50,14.80,1550.80,350.70,21.60,-15.60,0.00,31.55,0.00,ENU,49,120,0.50,20,UP,#1,0.544,-0.138,-0.411,#2,0.106,-0.089,-0.505,#3,-0.516,-0.152,-0.749,#4,-0.266,0.192,-0.506,#5,-0.209,0.291,-0.423,#6,0.270,0.399,-0.077,#7,0.205,-0.145,-0.508,#8,0.400,-0.054,-0.237,#9,-0.098,-0.070,-0.324,#10,0.336,-0.028,-0.353,#11,0.055,0.065,-0.221,#12,0.252,-0.139,-0.299,#13,0.072,-0.143,-0.374,#14,0.614,0.362,-0.214,#15,0.358,0.134,-0.188,#16,-0.253,0.397,-0.214,#17,0.054,0.142,-0.128,#18,0.023,0.264,-0.237,#19,0.173,-0.011,-0.263,#20,0.138,-0.312,-0.477
$GPRMC,053238008.03,00.000,0000.000,0000.00
$NORTEK,01/01/2015,04:50,14.80,1550.80,350.70,21.60,-15.60,0.00,31.55,0.00,ENU,49,120,0.50,20,UP,#1,0.544,-0.138,-0.411,#2,0.106,-0.089,-0.505,#3,-0.516,-0.152,-0.749,#4,-0.266,0.192,-0.506,#5,-0.209,0.291,-0.423,#6,0.270,0.399,-0.077,#7,0.205,-0.145,-0.508,#8,0.400,-0.054,-0.237,#9,-0.098,-0.070,-0.324,#10,0.336,-0.028,-0.353,#11,0.055,0.065,-0.221,#12,0.252,-0.139,-0.299,#13,0.072,-0.143,-0.374,#14,0.614,0.362,-0.214,#15,0.358,0.134,-0.188,#16,-0.253,0.397,-0.214,#17,0.054,0.142,-0.128,#18,0.023,0.264,-0.237,#19,0.173,-0.011,-0.263,#20,0.138,-0.312,-0.477
$GPRMC,054238.089,V,,,,,90.78,290.74,021020,,,N*7B
$GPRMC,054329.000,A,4539.1988,N,01348.3131,E,0.30,0.00,021020,,,A*68
$MSTAT,1601617801,100220,055001,12.0619,0.1720,22.5433,35.0036,3.2152,1.2144,3.3133,15284192
$METRECXR,1601617801,100220,055001,2020-10-02,07:50:01,00.000,34.561,0000.22,0000.50,00.21,02.11,000.0,008.03,00.000,0000.000,0000.00
$NORTEK,01/01/2015,04:50,14.80,1550.80,350.70,21.60,-15.60,0.00,31.55,0.00,ENU,49,120,0.50,20,UP,#1,0.544,-0.138,-0.411,#2,0.106,-0.089,-0.505,#3,-0.516,-0.152,-0.749,#4,-0.266,0.192,-0.506,#5,-0.209,0.291,-0.423,#6,0.270,0.399,-0.077,#7,0.205,-0.145,-0.508,#8,0.400,-0.054,-0.237,#9,-0.098,-0.070,-0.324,#10,0.336,-0.028,-0.353,#11,0.055,0.065,-0.221,#12,0.252,-0.139,-0.299,#13,0.072,-0.143,-0.374,#14,0.614,0.362,-0.214,#15,0.358,0.134,-0.188,#16,-0.2400,100220,060000,2020-10-02,08:00:01,00.000,34.561,0000.22,0000.50,00.21,02.11,000.0,008.03,00.000,0000.000,0000.00
$NORTEK,01/01/2015,04:50,14.80,1550.80,350.70,21.60,-15.60,0.00,31.55,0.00,ENU,49,120,0.50,20,UP,#1,0.544,-0.138,-0.411,#2,0.106,-0.089,-0.505,#3,-0.516,-0.152,-0.749,#4,-0.266,0.192,-0.506,#5,-0.209,0.291,-0.423,#6,0.270,0.399,-0.077,#7,0.205,-0.145,-0.508,#8,0.400,-0.054,-0.237,#9,-0.098,-0.070,-0.324,#10,0.336,-0.028,-0.353,#11,0.055,0.065,-0.221,#12,0.252,-0.139,-0.299,#13,0.072,-0.143,-0.374,#14,0.614,0.362,-0.214,#15,0.358,0.134,-0.188,#16,-0.253,0.397,-0.214,#17,0.054,0.142,-0.128,#18,0.023,0.264,-0.237,#19,0.173,-0.011,-0.263,#20,0.138,-0.312,-0.477
$GPRMC,060238.086,V,,,,,0.00,0.00,021020,,,N*4D
$GPRMC,060949.090,V,,,,,0.00,0.00,021020,,,N*47
$METRECXR,1601619000,100220,061000,2020-10-02,08:10:00,00.000,34.561,0000.22,0000.50,00.21,02.11,000.0,008.03,00.000,0000.000,0000.00
$MSTAT,1601619000,100220,061000,12.0651,0.1720,22.0265,34.2400,3.2158,1.2144,3.3132,15284192
$NORTEK,01/01/2015,04:50,14.80,1550.80,350.70,21.60,-15.60,0.00,31.55,0.00,ENU,49,120,0.50,20,UP,#1,0.544,-0.138,-0.411,#2,0.106,-0.089,-0.505,#3,-0.516,-0.152,-0.749,#4,-0.266,0.192,-0.506,#5,-0.209,0.291,-0.423,#6,0.270,0.399,-0.077,#7,0.205,-0.145,-0.508,#8,0.400,-0.054,-0.237,#9,-0.098,-0.070,-0.324,#10,0.336,-0.028,-0.353,#11,0.055,0.065,-0.221,#12,0.252,-0.139,-0.299,#13,0.072,-0.143,-0.374,#14,0.614,0.362,-0.214,#15,0.358,0.134,-0.188,#16,-0.253,0.397,-0.214,#17,0.054,0.142,-0.128,#18,0.023,0.264,-0.237,#19,0.173,-0.011,-0.263,#20,0.138,-0.312,-0.477
$GPRMC,061121.000,A,4539.2055,N,01348.3119,E,0.36,0.00,021020,,,A*62
$GPRMC,061834.000,A,4539.2145,N,01348.3064,E,0.24,0.00,021020,,,A*67
$MSTAT,1601619600,100220,062000,12.0642,0.1778,22.1545,39.1280,3.2149,1.2144,3.3155,15284192
$METRECXR,1601619601,100220,062001,2020-10-02,08:20:01,00.000,34.561,0000.22,0000.50,00.21,02.11,000.0,008.03,00.000,0000.000,0000.00
$NORTEK,01/01/2015,04:50,14.80,1550.80,350.70,21.60,-15.60,0.00,31.55,0.00,ENU,49,120,0.50,20,UP,#1,0.544,-0.138,-0.411,#2,0.106,-0.089,-0.505,#3,-0.516,-0.152,-0.749,#4,-0.266,0.192,-0.506,#5,-0.209,0.291,-0.423,#6,0.270,0.399,-0.077,#7,0.205,-0.145,-0.508,#8,0.400,-0.054,-0.237,#9,-0.098,-0.070,-0.324,#10,0.336,-0.028,-0.353,#11,0.055,0.065,-0.221,#12,0.252,-0.139,-0.299,#13,0.072,-0.143,-0.374,#14,092
$NORTEK,01/01/2015,04:50,14.80,1550.80,350.70,21.60,-15.60,0.00,31.55,0.00,ENU,49,120,0.50,20,UP,#1,0.544,-0.138,-0.411,#2,0.106,-0.089,-0.505,#3,-0.516,-0.152,-0.749,#4,-0.266,0.192,-0.506,#5,-0.209,0.291,-0.423,#6,0.270,0.399,-0.077,#7,0.205,-0.145,-0.508,#8,0.400,-0.054,-0.237,#9,-0.098,-0.070,-0.324,#10,0.336,-0.028,-0.353,#11,0.055,0.065,-0.221,#12,0.252,-0.139,-0.299,#13,0.072,-0.143,-0.374,#14,0.614,0.362,-0.214,#15,0.358,0.134,-0.188,#16,-0.253,0.397,-0.214,#17,0.054,0.142,-0.128,#18,0.023,0.264,-0.237,#19,0.173,-0.011,-0.263,#20,0.138,-0.312,-0.477
$METRECXR,1601620202,100220,063002,2020-10-02,08:30:02,00.000,34.561,0000.22,0000.50,00.21,02.11,000.0,008.03,00.000,0000.000,0000.00
$GPRMC,063134.000,A,4539.1865,N,01348.3136,E,3.05,147.97,021020,,,A*6E
$GPRMC,063530.202,A,4539.1662,N,01348.3313,E,0.88,165.89,021020,,,A*6B
$METRECXR,1601620800,100220,064000,2020-10-02,08:40:00,00.000,34.561,0000.22,0000.50,00.21,02.11,000.0,008.03,00.000,0000.000,0000.00
$MSTAT,1601620800,100220,064000,12.0642,0.1751,22.1620,39.5083,3.2147,1.2144,3.3154,15284192
$NORTEK,01/01/2015,04:50,14.80,1550.80,350.70,21.60,-15.60,0.00,31.55,0.00,ENU,49,120,0.50,20,UP,#1,0.544,-0.138,-0.411,#2,0.106,-0.089,-0.505,#3,-0.516,-0.152,-0.749,#4,-0.266,0.192,-0.506,#5,-0.209,0.291,-0.423,#6,0.270,0.399,-0.077,#7,0.205,-0.145,-0.508,#8,0.400,-0.054,-0.237,#9,-0.098,-0.070,-0.324,#10,0.336,-0.028,-0.353,#11,0.055,0.065,-0.221,#12,0.252,-0.139,-0.299,#13,0.072,-0.143,-0.374,#14,0.614,0.362,-0.214,#15,0.358,0.134,-0.188,#16,-0.253,0.397,-0.214,#17,0.054,0.142,-0.128,#18,0.023,0.264,-0.237,#19,0.173,-0.011,-0.263,#20,0.138,-0.312,-0.477
$GPRMC,064200.217,A,4539.2082,N,01348.2986,E,0.27,0.00,021020,,,A*66
$MSTAT,1601621400,100220,065000,12.0616,0.1759,22.2544,39.8558,3.2154,1.2144,3.3160,15284192
$METRECXR,1601621400,100220,065000,2020-10-02,08:50:01,00.000,34.561,0000.22,0000.50,00.21,02.11,000.0,008.03,00.000,0000.000,0000.00
$NORTEK,01/01/2015,04:50,14.80,1550.80,350.70,21.60,-15.60,0.00,31.55,0.00,ENU,49,120,0.50,20,UP,#1,0.544,-0.138,-0.411,#2,0.106,-0.089,-0.505,#3,-0.516,-0.152,-0.749,#4,-0.266,0.192,-0.506,#5,-0.209,0.291,-0.423,#6,0.270,0.399,-0.077,#7,0.205,-0.145,-0.508,#8,0.400,-0.054,-0.237,#9,-0.098,-0.070,-0.324,#10,0.336,-0.028,-0.353,#11,0.055,0.065,-0.221,#12,0.252,-0.139,-0.299,#13,0.072,-0.143,-0.374,#14,0.614,000220,070000,12.0248,0.1804,22.2055,34.2520,3.2160,1.2144,3.3133,15284192
$NORTEK,01/01/2015,04:50,14.80,1550.80,350.70,21.60,-15.60,0.00,31.55,0.00,ENU,49,120,0.50,20,UP,#1,0.544,-0.138,-0.411,#2,0.106,-0.089,-0.505,#3,-0.516,-0.152,-0.749,#4,-0.266,0.192,-0.506,#5,-0.209,0.291,-0.423,#6,0.270,0.399,-0.077,#7,0.205,-0.145,-0.508,#8,0.400,-0.054,-0.237,#9,-0.098,-0.070,-0.324,#10,0.336,-0.028,-0.353,#11,0.055,0.065,-0.221,#12,0.252,-0.139,-0.299,#13,0.072,-0.143,-0.374,#14,0.614,0.362,-0.214,#15,0.358,0.134,-0.188,#16,-0.253,0.397,-0.214,#17,0.054,0.142,-0.128,#18,0.023,0.264,-0.237,#19,0.173,-0.011,-0.263,#20,0.138,-0.312,-0.477
$GPRMC,070239.000,V,,,,,0.00,0.00,021020,,,N*43
$GPRMC,070950.086,V,,,,,0.00,0.00,021020,,,N*49
$MSTAT,1601622600,100220,071000,12.0640,0.1782,22.1971,34.5674,3.2151,1.2144,3.3131,15284256
$METRECXR,1601622600,100220,071000,2020-10-02,09:10:01,00.000,34.561,0000.22,0000.50,00.21,02.11,000.0,008.03,00.000,0000.000,0000.00
$NORTEK,01/01/2015,04:50,14.80,1550.80,350.70,21.60,-15.60,0.00,31.55,0.00,ENU,49,120,0.50,20,UP,#1,0.544,-0.138,-0.411,#2,0.106,-0.089,-0.505,#3,-0.516,-0.152,-0.749,#4,-0.266,0.192,-0.506,#5,-0.209,0.291,-0.423,#6,0.270,0.399,-0.077,#7,0.205,-0.145,-0.508,#8,0.400,-0.054,-0.237,#9,-0.098,-0.070,-0.324,#10,0.336,-0.028,-0.353,#11,0.055,0.065,-0.221,#12,0.252,-0.139,-0.299,#13,0.072,-0.143,-0.374,#14,0.614,0.362,-0.214,#15,0.358,0.134,-0.188,#16,-0.253,0.397,-0.214,#17,0.054,0.142,-0.128,#18,0.023,0.264,-0.237,#19,0.173,-0.011,-0.263,#20,0.138,-0.312,-0.477
$GPRMC,071239.000,V,,,,,0.00,99.89,021020,,,N*73
$GPRMC,071830.215,A,4539.2115,N,01348.3084,E,0.26,0.00,021020,,,A*6D
$MSTAT,1601623200,100220,072000,12.0353,0.2002,22.2118,39.1191,3.2143,1.2144,3.3147,15284192
$NORTEK,01/01/2015,04:50,14.80,1550.80,350.70,21.60,-15.60,0.00,31.55,0.00,ENU,49,120,0.50,20,UP,#1,0.544,-0.138,-0.411,#2,0.106,-0.089,-0.505,#3,-0.516,-0.152,-0.749,#4,-0.266,0.192,-0.506,#5,-0.209,0.291,-0.423,#6,0.270,0.399,-0.077,#7,0.205,-0.145,-0.508,#8,0.400,-0.054,-0.237,#9,-0.098,-0.070,-0.324,#10,0.336,-0.028,-0.353,#11,0.055,0.065,-0.221,#12,0.252,-0.139,-0.299,#13,0.072,-0.143,-0.374,#14,0.614,0.362,-0.214,#15,0.358,0.134,-0.188,#16,-0.253,0.397,-0.214,#17,0.054,0.142,-0.128,#18,0.023,0.264,-0.237,#19,0.173,-0.011,-0.263,,20,UP,#1,0.544,-0.138,-0.411,#2,0.106,-0.089,-0.505,#3,-0.516,-0.152,-0.749,#4,-0.266,0.192,-0.506,#5,-0.209,0.291,-0.423,#6,0.270,0.399,-0.077,#7,0.205,-0.145,-0.508,#8,0.400,-0.054,-0.237,#9,-0.098,-0.070,-0.324,#10,0.336,-0.028,-0.353,#11,0.055,0.065,-0.221,#12,0.252,-0.139,-0.299,#13,0.072,-0.143,-0.374,#14,0.614,0.362,-0.214,#15,0.358,0.134,-0.188,#16,-0.253,0.397,-0.214,#17,0.054,0.142,-0.128,#18,0.023,0.264,-0.237,#19,0.173,-0.011,-0.263,#20,0.138,-0.312,-0.477
$METRECXR,1601623801,100220,073001,2020-10-02,09:30:02,00.000,34.561,0000.22,0000.50,00.21,02.11,000.0,008.03,00.000,0000.000,0000.00
$MSTAT,1601623801,100220,073001,12.0643,0.1743,22.3738,40.0753,3.2150,1.2144,3.3159,15284160
$GPRMC,073240.086,V,,,,,0.00,0.00,021020,,,N*40
$GPRMC,073600.094,V,,,,,0.17,0.00,021020,,,N*45
$MSTAT,1601624400,100220,074000,12.0664,0.1735,22.3813,39.4173,3.2153,1.2144,3.3156,15284128
$METRECXR,1601624401,100220,074001,2020-10-02,09:40:01,00.000,34.561,0000.22,0000.50,00.21,02.11,000.0,008.03,00.000,0000.000,0000.00
$NORTEK,01/01/2015,04:50,14.80,1550.80,350.70,21.60,-15.60,0.00,31.55,0.00,ENU,49,120,0.50,20,UP,#1,0.544,-0.138,-0.411,#2,0.106,-0.089,-0.505,#3,-0.516,-0.152,-0.749,#4,-0.266,0.192,-0.506,#5,-0.209,0.291,-0.423,#6,0.270,0.399,-0.077,#7,0.205,-0.145,-0.508,#8,0.400,-0.054,-0.237,#9,-0.098,-0.070,-0.324,#10,0.336,-0.028,-0.353,#11,0.055,0.065,-0.221,#12,0.252,-0.139,-0.299,#13,0.072,-0.143,-0.374,#14,0.614,0.362,-0.214,#15,0.358,0.134,-0.188,#16,-0.253,0.397,-0.214,#17,0.054,0.142,-0.128,#18,0.023,0.264,-0.237,#19,0.173,-0.011,-0.263,#20,0.138,-0.312,-0.477
$GPRMC,074200.218,A,4539.1582,N,01348.3075,E,1.16,176.93,021020,,,A*63
