$NORTEK,29/09/2020,10:53,14.80,1528.40,346.80,21.20,-15.70,0.00,21.76,0.00,ENU,49,120,0.50,20,UP,#1,-0.257,0.386,-0.177,#2,0.157,-0.378,-0.431,#3,-0.208,-0.336,-0.326,#4,0.577,-0.770,-0.794,#5,-0.010,-0.506,-0.970,#6,0.637,0.054,-0.476,#7,0.063,0.677,-0.198,#8,0.078,-0.227,-0.212,#9,-0.554,0.278,-0.500,#10,-0.093,-0.643,-0.489,#11,-0.049,-0.483,-0.572,#12,0.390,-0.530,-0.624,#13,0.000,-0.590,-0.733,#14,-0.271,-0.523,-0.745,#15,0.117,-0.364,-0.617,#16,-0.297,-0.329,-0.542,#17,0.314,-0.237,-0.567,#18,0.373,-0.129,-0.486,#19,0.284,-0.339,-0.529,#20,-0.646,0.596,-0.295
$NORTEK,29/09/2020,10:55,14.80,1528.50,346.80,21.20,-15.70,0.00,21.79,0.00,ENU,49,120,0.50,20,UP,#1,0.153,0.445,-0.393,#2,0.136,-0.104,-0.643,#3,-1.192,-0.237,-0.432,#4,0.615,-0.103,-0.167,#5,0.379,0.300,-0.302,#6,0.491,0.113,-0.423,#7,-0.635,0.130,-0.603,#8,-0.410,-0.087,-0.359,#9,0.605,-1.059,-0.593,#10,-0.158,-0.341,-0.459,#11,0.267,-0.186,-0.609,#12,0.047,-0.089,-0.490,#13,-0.618,0.190,-0.319,#14,-0.012,-0.472,-0.609,#15,-0.478,-0.037,-0.747,#16,-0.189,-0.111,-0.647,#17,0.147,0.615,-0.361,#18,0.214,-0.340,-0.584,#19,0.164,-0.659,-0.904,#20,0.208,-0.128,-0.459
$NORTEK,29/09/2020,10:57,14.80,1528.60,346.70,21.20,-15.70,0.00,21.83,0.00,ENU,49,120,0.50,20,UP,#1,-0.489,0.018,-0.483,#2,0.715,0.555,-0.213,#3,-1.124,-0.354,-0.484,#4,0.890,-0.366,-0.498,#5,0.260,0.273,0.063,#6,0.132,-0.992,-0.566,#7,0.979,0.386,-0.026,#8,-0.212,0.422,-0.199,#9,1.167,-0.258,-0.370,#10,-0.070,0.188,-0.557,#11,-0.549,-0.434,-0.444,#12,-0.029,0.213,-0.151,#13,0.376,0.271,-0.428,#14,0.126,-0.228,-0.526,#15,-0.249,0.579,-0.261,#16,-0.764,0.531,-0.351,#17,-0.409,0.277,-0.538,#18,0.072,0.019,-0.497,#19,0.473,-1.054,-0.566,#20,-0.040,-0.176,-0.223
$NORTEK,29/09/2020,10:59,14.80,1528.70,346.40,21.20,-15.70,0.00,21.87,0.00,ENU,49,120,0.50,20,UP,#1,0.049,0.581,-0.492,#2,0.359,-0.652,-0.783,#3,0.151,-1.045,-0.121,#4,0.208,-0.525,-0.499,#5,1.093,0.727,-0.087,#6,-0.130,0.503,-0.213,#7,0.090,-0.103,-0.651,#8,-0.383,0.032,-0.381,#9,0.543,-0.068,-0.308,#10,0.650,0.439,-0.495,#11,0.165,0.051,-0.510,#12,-0.249,-0.065,-0.655,#13,-0.729,0.135,-0.471,#14,-0.179,-0.056,-0.448,#15,-0.571,0.032,-0.489,#16,0.843,0.131,-0.143,#17,0.793,-0.419,-0.702,#18,0.057,-0.388,-0.536,#19,-0.246,0.091,-0.690,#20,0.103,0.113,-0.330
$NORTEK,29/09/2020,11:01,14.80,1528.70,346.40,21.20,-15.70,0.00,21.90,0.00,ENU,49,120,0.50,20,UP,#1,-0.078,0.314,-0.134,#2,0.298,0.020,-0.402,#3,-0.102,-0.607,-0.514,#4,-0.431,-0.293,-0.527,#5,-1.029,0.023,-0.706,#6,0.147,-0.313,-0.565,#7,0.514,-0.052,-0.425,#8,0.016,-0.551,-0.804,#9,-1.130,0.020,-0.623,#10,0.526,-0.296,-0.491,#11,0.155,-0.645,-0.649,#12,0.656,0.020,-0.365,#13,-0.242,-0.522,-0.806,#14,-0.283,0.115,-0.351,#15,0.799,0.519,0.147,#16,0.283,0.093,-0.192,#17,-0.272,-0.161,-0.322,#18,-0.417,-0.873,-0.851,#19,0.032,0.554,-0.520,#20,0.613,-0.388,-0.427
$NORTEK,29/09/2020,11:03,14.80,1528.80,346.60,21.20,-15.70,0.00,21.94,0.00,ENU,49,120,0.50,20,UP,#1,0.236,0.396,-0.438,#2,0.444,0.328,-0.262,#3,-1.256,-0.972,-0.751,#4,-0.084,0.463,-0.304,#5,-0.058,-0.046,-0.617,#6,-0.434,0.768,-0.028,#7,0.233,-0.938,-0.843,#8,-0.148,0.167,-0.348,#9,0.102,-0.464,-0.565,#10,0.688,-0.144,-0.473,#11,1.124,-0.411,-0.378,#12,0.803,0.068,-0.276,#13,-0.709,0.959,-0.139,#14,0.546,0.108,-0.347,#15,0.601,0.489,-0.119,#16,0.410,-0.166,-0.290,#17,0.593,0.299,-0.362,#18,-0.324,0.253,-0.413,#19,0.194,-0.026,-0.124,#20,-0.054,0.231,-0.143
$NORTEK,29/09/2020,11:05,14.80,1528.90,346.50,21.20,-15.70,0.00,21.97,0.00,ENU,49,120,0.50,20,UP,#1,-0.300,0.189,-0.673,#2,0.101,-0.002,-0.620,#3,-1.220,-0.308,-0.916,#4,-1.040,-0.288,-0.640,#5,-0.144,0.057,-0.413,#6,0.002,0.293,-0.157,#7,-0.530,-0.166,-0.707,#8,0.111,1.131,0.036,#9,-0.455,-0.119,-0.467,#10,-0.821,0.706,-0.412,#11,0.097,0.019,-0.493,#12,0.201,0.254,-0.507,#13,0.335,-0.042,-0.437,#14,0.159,0.057,-0.357,#15,0.994,0.047,-0.187,#16,0.499,-0.144,-0.184,#17,0.634,-0.597,-0.427,#18,0.736,-0.073,-0.348,#19,0.318,-1.059,-0.729,#20,-0.542,0.044,-0.078
$NORTEK,29/09/2020,11:07,14.80,1529.00,346.70,21.20,-15.70,0.00,22.01,0.00,ENU,49,120,0.50,20,UP,#1,-0.116,-0.117,-0.722,#2,-0.108,0.279,-0.294,#3,-0.806,-0.057,-0.170,#4,-0.799,-0.336,-0.638,#5,0.155,-0.110,-0.499,#6,0.332,-0.229,-0.293,#7,-0.291,0.354,-0.207,#8,-0.295,0.171,-0.381,#9,0.946,0.317,-0.030,#10,0.131,-0.192,-0.610,#11,-0.386,-0.384,-0.841,#12,-0.273,-0.308,-0.545,#13,0.543,-0.675,-0.517,#14,-0.094,0.163,-0.291,#15,0.250,0.491,-0.082,#16,0.274,0.527,-0.255,#17,0.791,-0.504,-0.414,#18,0.600,-0.436,-0.710,#19,-0.321,-0.505,-0.776,#20,0.116,-0.421,-0.583
$METRECXR,1601377750,092920,110910,2037-10-04 05:57:35.76  00.000  19.723 20,132801,
$METRECXR,1601386201,092920,133001,
$METRECXR,1601386321,092920,133201,
$METRECXR,1601386441,092920,133401,
$METRECXR,1601386561,092920,133601,
$METRECXR,1601386681,092920,133801,
$METRECXR,1601386807,092920,134007,2020-09-29 13:40:07.45  00.000  20.319  0000.11  0000.00  000.0  007.93 
$METRECXR,1601389208,092920,142008,2020-09-29 14:20:07.96  00.000  20.472  0000.00  0000.00  000.0  007.93 
$METRECXR,1601389327,092920,142207,2020-09-29 14:22:07.18  00.000  20.490  0000.00  0000.00  000.0  007.93 
